score: (1, 1, 1, 4096)
score_chunk: (1, 1, 1, 256)
topk_vals: (1, 1, 1, 4)
topk_idx: (1, 1, 1, 4)
Kernel Start
test 1 
test 2 
test 3 
test
opType=topk_custom, DumpHead: AIV-0, CoreType=AIV, block dim=1, total_block_num=1, block_remain_len=1022592, block_initial_space=1048576, rsv=0, magic=5aa5bccd
CANN Version: 8.3.RC1.alpha001, TimeStamp: 20250807092944934
1
param_.indexChunkSingleSize: 256
8
copy khash
DumpTensor: desc=1, addr=8800, data_type=int16, position=UB, dump_size=128
[16135, 2925, 9501, 28284, 15383, 596, 6508, 17742, 0, 0, 0, 0, 0, 0, 0, 0, 16135, 2925, 9501, 28284, 15383, 596, 6508, 17742, 0, 0, 0, 0, 0, 0, 0, 
0, 16135, 2925, 9501, 28284, 15383, 596, 6508, 17742, 0, 0, 0, 0, 0, 0, 0, 0, 16135, 2925, 9501, 28284, 15383, 596, 6508, 17742, 0, 0, 0, 0, 0, 
0, 0, 0, 16135, 2925, 9501, 28284, 15383, 596, 6508, 17742, 0, 0, 0, 0, 0, 0, 0, 0, 16135, 2925, 9501, 28284, 15383, 596, 6508, 17742, 0, 0, 0, 
0, 0, 0, 0, 0, 16135, 2925, 9501, 28284, 15383, 596, 6508, 17742, 0, 0, 0, 0, 0, 0, 0, 0, 16135, 2925, 9501, 28284, 15383, 596, 6508, 17742, 0, 
0, 0, 0, 0, 0, 0, 0]
XOR
DumpTensor: desc=1, addr=8600, data_type=int16, position=UB, dump_size=128
[32296, 26380, 20602, 16251, 22279, 17208, 18192, 26438, 0, 0, 0, 0, 0, 0, 0, 0, 19291, 11275, 15177, 27458, 17433, 2933, 2615, 18259, 0, 0, 0, 0, 0, 0, 0, 
0, 5914, 7426, 6177, 1637, 12848, 20852, 13648, 12571, 0, 0, 0, 0, 0, 0, 0, 0, 26168, 19227, 6181, 9050, 28981, 32277, 15683, 6190, 0, 0, 0, 0, 0, 
0, 0, 0, 88, 23299, 9582, 11113, 25441, 17791, 28015, 12926, 0, 0, 0, 0, 0, 0, 0, 0, 9249, 10349, 17979, 1553, 29775, 22283, 9560, 17687, 0, 0, 0, 
0, 0, 0, 0, 0, 17791, 14622, 18754, 835, 30232, 17447, 4437, 16642, 0, 0, 0, 0, 0, 0, 0, 0, 22075, 27146, 31774, 13081, 12100, 28168, 31560, 21301, 0, 
0, 0, 0, 0, 0, 0, 0]
2 bit
DumpTensor: desc=1, addr=8600, data_type=int16, position=UB, dump_size=128
[26900, 22024, 20581, 10854, 22022, 16932, 17936, 22085, 0, 0, 0, 0, 0, 0, 0, 0, 18006, 6150, 9797, 22081, 17429, 1637, 1318, 18002, 0, 0, 0, 0, 0, 0, 0, 
0, 5653, 6401, 5137, 1365, 8480, 20836, 9552, 8470, 0, 0, 0, 0, 0, 0, 0, 0, 21796, 17942, 5141, 4693, 24869, 26901, 10562, 5145, 0, 0, 0, 0, 0, 
0, 0, 0, 84, 22018, 5465, 5717, 21073, 17770, 22874, 8553, 0, 0, 0, 0, 0, 0, 0, 0, 5137, 5209, 17702, 1297, 25674, 22022, 5460, 17686, 0, 0, 0, 
0, 0, 0, 0, 0, 17770, 9497, 17729, 578, 25876, 17430, 4437, 16641, 0, 0, 0, 0, 0, 0, 0, 0, 21798, 21765, 26649, 8725, 6724, 22788, 26180, 21029, 0, 
0, 0, 0, 0, 0, 0, 0]
4 bit
DumpTensor: desc=1, addr=8600, data_type=int16, position=UB, dump_size=128
[13073, 8962, 8242, 9267, 8963, 4641, 4880, 8978, 0, 0, 0, 0, 0, 0, 0, 0, 4899, 4611, 8978, 8977, 4370, 818, 547, 4898, 0, 0, 0, 0, 0, 0, 0, 
0, 4882, 4865, 4369, 546, 8480, 8497, 8736, 8467, 0, 0, 0, 0, 0, 0, 0, 0, 8737, 4883, 4370, 4642, 12578, 13074, 8978, 4371, 0, 0, 0, 0, 0, 
0, 0, 0, 33, 8962, 4643, 4898, 8737, 4660, 8996, 8499, 0, 0, 0, 0, 0, 0, 0, 0, 4369, 4387, 4643, 529, 12564, 8963, 4641, 4627, 0, 0, 0, 
0, 0, 0, 0, 0, 4660, 8723, 4625, 530, 12817, 4371, 4386, 4353, 0, 0, 0, 0, 0, 0, 0, 0, 8739, 8706, 12819, 8722, 5137, 8961, 13073, 8738, 0, 
0, 0, 0, 0, 0, 0, 0]
8 bit
DumpTensor: desc=1, addr=8600, data_type=int16, position=UB, dump_size=128
[1538, 1282, 517, 1542, 1283, 771, 1025, 1283, 0, 0, 0, 0, 0, 0, 0, 0, 1029, 771, 1283, 1282, 515, 773, 517, 1028, 0, 0, 0, 0, 0, 0, 0, 
0, 1027, 1025, 514, 516, 770, 772, 1026, 772, 0, 0, 0, 0, 0, 0, 0, 0, 1027, 1028, 515, 772, 1028, 1539, 1283, 516, 0, 0, 0, 0, 0, 
0, 0, 0, 3, 1282, 773, 1028, 1027, 775, 1286, 774, 0, 0, 0, 0, 0, 0, 0, 0, 514, 517, 773, 514, 1029, 1283, 771, 772, 0, 0, 0, 
0, 0, 0, 0, 0, 775, 1028, 770, 515, 1282, 516, 516, 513, 0, 0, 0, 0, 0, 0, 0, 0, 1029, 1026, 1284, 1027, 1282, 1281, 1538, 1028, 0, 
0, 0, 0, 0, 0, 0, 0]
16 bit
DumpTensor: desc=1, addr=8600, data_type=int16, position=UB, dump_size=128
[1544, 1287, 519, 1548, 1288, 774, 1029, 1288, 0, 0, 0, 0, 0, 0, 0, 0, 1033, 774, 1288, 1287, 517, 776, 519, 1032, 0, 0, 0, 0, 0, 0, 0, 
0, 1031, 1029, 516, 518, 773, 775, 1030, 775, 0, 0, 0, 0, 0, 0, 0, 0, 1031, 1032, 517, 775, 1032, 1545, 1288, 518, 0, 0, 0, 0, 0, 
0, 0, 0, 3, 1287, 776, 1032, 1031, 778, 1291, 777, 0, 0, 0, 0, 0, 0, 0, 0, 516, 519, 776, 516, 1033, 1288, 774, 775, 0, 0, 0, 
0, 0, 0, 0, 0, 778, 1032, 773, 517, 1287, 518, 518, 515, 0, 0, 0, 0, 0, 0, 0, 0, 1033, 1030, 1289, 1031, 1287, 1286, 1544, 1032, 0, 
0, 0, 0, 0, 0, 0, 0]
final
DumpTensor: desc=1, addr=8600, data_type=int16, position=UB, dump_size=128
[8, 7, 7, 12, 8, 6, 5, 8, 0, 0, 0, 0, 0, 0, 0, 0, 9, 6, 8, 7, 5, 8, 7, 8, 0, 0, 0, 0, 0, 0, 0, 
0, 7, 5, 4, 6, 5, 7, 6, 7, 0, 0, 0, 0, 0, 0, 0, 0, 7, 8, 5, 7, 8, 9, 8, 6, 0, 0, 0, 0, 0, 
0, 0, 0, 3, 7, 8, 8, 7, 10, 11, 9, 0, 0, 0, 0, 0, 0, 0, 0, 4, 7, 8, 4, 9, 8, 6, 7, 0, 0, 0, 
0, 0, 0, 0, 0, 10, 8, 5, 5, 7, 6, 6, 3, 0, 0, 0, 0, 0, 0, 0, 0, 9, 6, 9, 7, 7, 6, 8, 8, 0, 
0, 0, 0, 0, 0, 0, 0]
cast
DumpTensor: desc=1, addr=8c00, data_type=float16, position=UB, dump_size=128
[8.000000, 7.000000, 7.000000, 12.000000, 8.000000, 6.000000, 5.000000, 8.000000, 0.000000, 0.000000, 0.000000, 0.000000, 0.000000, 0.000000, 0.000000, 0.000000, 9.000000, 6.000000, 8.000000, 7.000000, 5.000000, 8.000000, 7.000000, 8.000000, 0.000000, 0.000000, 0.000000, 0.000000, 0.000000, 0.000000, 0.000000, 
0.000000, 7.000000, 5.000000, 4.000000, 6.000000, 5.000000, 7.000000, 6.000000, 7.000000, 0.000000, 0.000000, 0.000000, 0.000000, 0.000000, 0.000000, 0.000000, 0.000000, 7.000000, 8.000000, 5.000000, 7.000000, 8.000000, 9.000000, 8.000000, 6.000000, 0.000000, 0.000000, 0.000000, 0.000000, 0.000000, 
0.000000, 0.000000, 0.000000, 3.000000, 7.000000, 8.000000, 8.000000, 7.000000, 10.000000, 11.000000, 9.000000, 0.000000, 0.000000, 0.000000, 0.000000, 0.000000, 0.000000, 0.000000, 0.000000, 4.000000, 7.000000, 8.000000, 4.000000, 9.000000, 8.000000, 6.000000, 7.000000, 0.000000, 0.000000, 0.000000, 
0.000000, 0.000000, 0.000000, 0.000000, 0.000000, 10.000000, 8.000000, 5.000000, 5.000000, 7.000000, 6.000000, 6.000000, 3.000000, 0.000000, 0.000000, 0.000000, 0.000000, 0.000000, 0.000000, 0.000000, 0.000000, 9.000000, 6.000000, 9.000000, 7.000000, 7.000000, 6.000000, 8.000000, 8.000000, 0.000000, 
0.000000, 0.000000, 0.000000, 0.000000, 0.000000, 0.000000, 0.000000]
cumsum lastrow
DumpTensor: desc=1, addr=19400, data_type=float16, position=UB, dump_size=128
[57.000000, 54.000000, 54.000000, 56.000000, 56.000000, 60.000000, 57.000000, 56.000000, 0.000000, 0.000000, 0.000000, 0.000000, 0.000000, 0.000000, 0.000000, 0.000000, 0.000000, 0.000000, 0.000000, 0.000000, 0.000000, 0.000000, 0.000000, 0.000000, 0.000000, 0.000000, 0.000000, 0.000000, 0.000000, 0.000000, 0.000000, 
0.000000, 0.000000, 0.000000, 0.000000, 0.000000, 0.000000, 0.000000, 0.000000, 0.000000, 0.000000, 0.000000, 0.000000, 0.000000, 0.000000, 0.000000, 0.000000, 0.000000, 0.000000, 0.000000, 0.000000, 0.000000, 0.000000, 0.000000, 0.000000, 0.000000, 0.000000, 0.000000, 0.000000, 0.000000, 0.000000, 
0.000000, 0.000000, 0.000000, 0.000000, 0.000000, 0.000000, 0.000000, 0.000000, 0.000000, 0.000000, 0.000000, 0.000000, 0.000000, 0.000000, 0.000000, 0.000000, 0.000000, 0.000000, 0.000000, 0.000000, 0.000000, 0.000000, 0.000000, 0.000000, 0.000000, 0.000000, 0.000000, 0.000000, 0.000000, 0.000000, 
0.000000, 0.000000, 0.000000, 0.000000, 0.000000, 0.000000, 0.000000, 0.000000, 0.000000, 0.000000, 0.000000, 0.000000, 0.000000, 0.000000, 0.000000, 0.000000, 0.000000, 0.000000, 0.000000, 0.000000, 0.000000, 0.000000, 0.000000, 0.000000, 0.000000, 0.000000, 0.000000, 0.000000, 0.000000, 0.000000, 
0.000000, 0.000000, 0.000000, 0.000000, 0.000000, 0.000000, 0.000000]
copy sum
DumpTensor: desc=1, addr=10c00, data_type=float16, position=UB, dump_size=128
[57.000000, 54.000000, 54.000000, 56.000000, 56.000000, 60.000000, 57.000000, 56.000000, 0.196899, -1.801758, -1650.000000, -1.914062, 0.001551, -1.900391, -0.362793, -1.963867, 0.096924, 1.808594, 1189.000000, 1.840820, 3492.000000, -1.919922, -110848.000000, 1.884766, -0.000700, -1.936523, -1883.000000, 1.693359, 0.030167, 1.513672, -10072.000000, 
-1.455078, -47.656250, 1.997070, 19776.000000, 1.601562, 16544.000000, -1.915039, 0.000046, -1.904297, -0.738770, 1.811523, -41056.000000, 1.347656, 9712.000000, -1.717773, -0.015015, 1.566406, 0.065186, 1.760742, 0.434082, 1.910156, 6892.000000, -1.912109, -1026.000000, 1.628906, -23392.000000, 1.779297, -2408.000000, 1.627930, -335.500000, 
1.382812, 0.000067, -1.530273, -0.000034, -1.771484, 2496.000000, -1.906250, -46656.000000, -1.695312, -49408.000000, -1.666016, 0.003582, -1.682617, -135.000000, 1.773438, -30960.000000, -0.952637, -24.359375, -1.909180, 0.120361, 1.551758, -1.524414, -1.969727, 0.000088, 1.874023, -0.001041, -1.403320, -0.027039, -1.699219, 807.000000, 
-1.645508, 0.008743, 1.905273, 75968.000000, -1.779297, -90816.000000, 1.957031, 15496.000000, 1.916992, -0.080139, -1.566406, 3.615234, -1.772461, 61.718750, 1.762695, -5940.000000, 1.542969, 501.000000, 1.868164, 2.853516, 1.800781, -62.875000, -1.539062, 0.000187, -1.864258, -0.019699, 1.930664, -0.024078, 1.625000, -50.906250, 
-1.885742, -9.015625, 1.824219, 1.512695, -2.123047, -0.003637, 1.711914]
copy khash
DumpTensor: desc=1, addr=8b00, data_type=int16, position=UB, dump_size=128
[13091, 22788, 13103, 1335, 9764, 5452, 29280, 6165, 0, 0, 0, 0, 0, 0, 0, 0, 13091, 22788, 13103, 1335, 9764, 5452, 29280, 6165, 0, 0, 0, 0, 0, 0, 0, 
0, 13091, 22788, 13103, 1335, 9764, 5452, 29280, 6165, 0, 0, 0, 0, 0, 0, 0, 0, 13091, 22788, 13103, 1335, 9764, 5452, 29280, 6165, 0, 0, 0, 0, 0, 
0, 0, 0, 13091, 22788, 13103, 1335, 9764, 5452, 29280, 6165, 0, 0, 0, 0, 0, 0, 0, 0, 13091, 22788, 13103, 1335, 9764, 5452, 29280, 6165, 0, 0, 0, 
0, 0, 0, 0, 0, 13091, 22788, 13103, 1335, 9764, 5452, 29280, 6165, 0, 0, 0, 0, 0, 0, 0, 0, 13091, 22788, 13103, 1335, 9764, 5452, 29280, 6165, 0, 
0, 0, 0, 0, 0, 0, 0]
XOR
DumpTensor: desc=1, addr=8900, data_type=int16, position=UB, dump_size=128
[29196, 13669, 17992, 21552, 19764, 21536, 11292, 14877, 0, 0, 0, 0, 0, 0, 0, 0, 18303, 32354, 11643, 9, 24106, 7277, 24891, 6664, 0, 0, 0, 0, 0, 0, 0, 
0, 6974, 20331, 3603, 27950, 10243, 18028, 24156, 27712, 0, 0, 0, 0, 0, 0, 0, 0, 27164, 6514, 3607, 18449, 27398, 26893, 22095, 17781, 0, 0, 0, 0, 0, 
0, 0, 0, 3196, 2410, 13148, 16418, 31058, 21095, 1635, 28453, 0, 0, 0, 0, 0, 0, 0, 0, 10245, 31236, 20489, 27994, 28284, 16403, 20052, 6220, 0, 0, 0, 
0, 0, 0, 0, 0, 18779, 27511, 24432, 26632, 27691, 21311, 31321, 7257, 0, 0, 0, 0, 0, 0, 0, 0, 23071, 14435, 27180, 22610, 13687, 30992, 4164, 3694, 0, 
0, 0, 0, 0, 0, 0, 0]
2 bit
DumpTensor: desc=1, addr=8900, data_type=int16, position=UB, dump_size=128
[24840, 9557, 17732, 21536, 18724, 21520, 6168, 9497, 0, 0, 0, 0, 0, 0, 0, 0, 18026, 26961, 6502, 5, 22805, 6233, 20774, 5380, 0, 0, 0, 0, 0, 0, 0, 
0, 5673, 19030, 2322, 22809, 5122, 17752, 22872, 22592, 0, 0, 0, 0, 0, 0, 0, 0, 21784, 5473, 2326, 17425, 22021, 21769, 21834, 17765, 0, 0, 0, 0, 0, 
0, 0, 0, 2152, 1365, 8792, 16401, 25937, 20822, 1362, 23061, 0, 0, 0, 0, 0, 0, 0, 0, 5125, 25860, 20485, 22869, 22888, 16402, 18772, 5192, 0, 0, 0, 
0, 0, 0, 0, 0, 17750, 22118, 23136, 21508, 22550, 21034, 25941, 6229, 0, 0, 0, 0, 0, 0, 0, 0, 21786, 9298, 21784, 21585, 9574, 25872, 4164, 2393, 0, 
0, 0, 0, 0, 0, 0, 0]
4 bit
DumpTensor: desc=1, addr=8900, data_type=int16, position=UB, dump_size=128
[12546, 8738, 4625, 8480, 4897, 8464, 4626, 8723, 0, 0, 0, 0, 0, 0, 0, 0, 4916, 13089, 4915, 2, 8978, 4643, 8483, 4609, 0, 0, 0, 0, 0, 0, 0, 
0, 4899, 5155, 786, 8979, 4354, 4642, 8994, 8720, 0, 0, 0, 0, 0, 0, 0, 0, 8722, 4657, 787, 4369, 8962, 8707, 8724, 4658, 0, 0, 0, 0, 0, 
0, 0, 0, 562, 546, 8738, 4113, 12833, 8483, 546, 9234, 0, 0, 0, 0, 0, 0, 0, 0, 4354, 12801, 8194, 8994, 9010, 4114, 4897, 4370, 0, 0, 0, 
0, 0, 0, 0, 0, 4643, 9011, 9264, 8449, 8723, 8740, 12834, 4642, 0, 0, 0, 0, 0, 0, 0, 0, 8724, 8482, 8722, 8481, 8755, 12816, 4113, 803, 0, 
0, 0, 0, 0, 0, 0, 0]
8 bit
DumpTensor: desc=1, addr=8900, data_type=int16, position=UB, dump_size=128
[1026, 1028, 770, 770, 1027, 769, 771, 1028, 0, 0, 0, 0, 0, 0, 0, 0, 1031, 1539, 1030, 2, 1283, 773, 773, 769, 0, 0, 0, 0, 0, 0, 0, 
0, 1029, 1285, 771, 1284, 514, 772, 1284, 1025, 0, 0, 0, 0, 0, 0, 0, 0, 1027, 772, 772, 514, 1282, 1027, 1029, 773, 0, 0, 0, 0, 0, 
0, 0, 0, 517, 516, 1028, 258, 1283, 773, 516, 1539, 0, 0, 0, 0, 0, 0, 0, 0, 514, 1281, 514, 1284, 1285, 259, 1027, 515, 0, 0, 0, 
0, 0, 0, 0, 0, 773, 1286, 1539, 769, 1028, 1030, 1284, 772, 0, 0, 0, 0, 0, 0, 0, 0, 1029, 772, 1027, 771, 1030, 1281, 258, 773, 0, 
0, 0, 0, 0, 0, 0, 0]
16 bit
DumpTensor: desc=1, addr=8900, data_type=int16, position=UB, dump_size=128
[1030, 1032, 773, 773, 1031, 772, 774, 1032, 0, 0, 0, 0, 0, 0, 0, 0, 1035, 1545, 1034, 2, 1288, 776, 776, 772, 0, 0, 0, 0, 0, 0, 0, 
0, 1033, 1290, 774, 1289, 516, 775, 1289, 1029, 0, 0, 0, 0, 0, 0, 0, 0, 1031, 775, 775, 516, 1287, 1031, 1033, 776, 0, 0, 0, 0, 0, 
0, 0, 0, 519, 518, 1032, 259, 1288, 776, 518, 1545, 0, 0, 0, 0, 0, 0, 0, 0, 516, 1286, 516, 1289, 1290, 260, 1031, 517, 0, 0, 0, 
0, 0, 0, 0, 0, 776, 1291, 1545, 772, 1032, 1034, 1289, 775, 0, 0, 0, 0, 0, 0, 0, 0, 1033, 775, 1031, 774, 1034, 1286, 259, 776, 0, 
0, 0, 0, 0, 0, 0, 0]
final
DumpTensor: desc=1, addr=8900, data_type=int16, position=UB, dump_size=128
[6, 8, 5, 5, 7, 4, 6, 8, 0, 0, 0, 0, 0, 0, 0, 0, 11, 9, 10, 2, 8, 8, 8, 4, 0, 0, 0, 0, 0, 0, 0, 
0, 9, 10, 6, 9, 4, 7, 9, 5, 0, 0, 0, 0, 0, 0, 0, 0, 7, 7, 7, 4, 7, 7, 9, 8, 0, 0, 0, 0, 0, 
0, 0, 0, 7, 6, 8, 3, 8, 8, 6, 9, 0, 0, 0, 0, 0, 0, 0, 0, 4, 6, 4, 9, 10, 4, 7, 5, 0, 0, 0, 
0, 0, 0, 0, 0, 8, 11, 9, 4, 8, 10, 9, 7, 0, 0, 0, 0, 0, 0, 0, 0, 9, 7, 7, 6, 10, 6, 3, 8, 0, 
0, 0, 0, 0, 0, 0, 0]
cast
DumpTensor: desc=1, addr=cc00, data_type=float16, position=UB, dump_size=128
[6.000000, 8.000000, 5.000000, 5.000000, 7.000000, 4.000000, 6.000000, 8.000000, 0.000000, 0.000000, 0.000000, 0.000000, 0.000000, 0.000000, 0.000000, 0.000000, 11.000000, 9.000000, 10.000000, 2.000000, 8.000000, 8.000000, 8.000000, 4.000000, 0.000000, 0.000000, 0.000000, 0.000000, 0.000000, 0.000000, 0.000000, 
0.000000, 9.000000, 10.000000, 6.000000, 9.000000, 4.000000, 7.000000, 9.000000, 5.000000, 0.000000, 0.000000, 0.000000, 0.000000, 0.000000, 0.000000, 0.000000, 0.000000, 7.000000, 7.000000, 7.000000, 4.000000, 7.000000, 7.000000, 9.000000, 8.000000, 0.000000, 0.000000, 0.000000, 0.000000, 0.000000, 
0.000000, 0.000000, 0.000000, 7.000000, 6.000000, 8.000000, 3.000000, 8.000000, 8.000000, 6.000000, 9.000000, 0.000000, 0.000000, 0.000000, 0.000000, 0.000000, 0.000000, 0.000000, 0.000000, 4.000000, 6.000000, 4.000000, 9.000000, 10.000000, 4.000000, 7.000000, 5.000000, 0.000000, 0.000000, 0.000000, 
0.000000, 0.000000, 0.000000, 0.000000, 0.000000, 8.000000, 11.000000, 9.000000, 4.000000, 8.000000, 10.000000, 9.000000, 7.000000, 0.000000, 0.000000, 0.000000, 0.000000, 0.000000, 0.000000, 0.000000, 0.000000, 9.000000, 7.000000, 7.000000, 6.000000, 10.000000, 6.000000, 3.000000, 8.000000, 0.000000, 
0.000000, 0.000000, 0.000000, 0.000000, 0.000000, 0.000000, 0.000000]
cumsum lastrow
DumpTensor: desc=1, addr=19420, data_type=float16, position=UB, dump_size=128
[61.000000, 64.000000, 56.000000, 42.000000, 62.000000, 54.000000, 57.000000, 54.000000, 0.000000, 0.000000, 0.000000, 0.000000, 0.000000, 0.000000, 0.000000, 0.000000, -1208.000000, -11504.000000, -30880.000000, -25696.000000, -30704.000000, 131008.000000, -4920.000000, 387.000000, 39584.000000, 131008.000000, 131008.000000, 2708.000000, 4344.000000, 448.500000, 131008.000000, 
-10304.000000, -9192.000000, 131008.000000, 796.000000, 920.500000, 454.000000, 418.000000, 458.000000, 430.000000, 464.000000, 462.000000, 440.000000, 438.000000, 466.000000, 432.000000, 472.000000, 452.000000, 464.000000, 440.000000, 454.000000, 455.000000, 344.250000, 11216.000000, 22224.000000, 3798.000000, -2780.000000, 10560.000000, 131008.000000, 912.000000, -20192.000000, 
-2580.000000, 31328.000000, -6436.000000, 441.750000, -5072.000000, 402.500000, -2830.000000, 10256.000000, 183.750000, 131008.000000, -1816.000000, 417.750000, 373.250000, -40992.000000, 3596.000000, 131008.000000, 1364.000000, -36544.000000, -24816.000000, -65536.000000, 131008.000000, -3736.000000, -14344.000000, -37472.000000, -2272.000000, 131008.000000, 131008.000000, 252.750000, -12128.000000, 233.875000, 
467.500000, 7064.000000, -17408.000000, 515.500000, -10264.000000, 36480.000000, 13952.000000, 446.250000, 214.500000, 4732.000000, -1523.000000, 200.625000, 1154.000000, -1456.000000, -23664.000000, 8032.000000, 429.750000, 34496.000000, 462.000000, 648.000000, -11880.000000, 443.000000, 36512.000000, 376.750000, 131008.000000, 459.750000, 40064.000000, 2456.000000, -5376.000000, 13472.000000, 
-121.000000, 384.000000, -48160.000000, 21920.000000, 24160.000000, 7328.000000, 647.500000]
copy sum
DumpTensor: desc=1, addr=14c00, data_type=float16, position=UB, dump_size=128
[61.000000, 64.000000, 56.000000, 42.000000, 62.000000, 54.000000, 57.000000, 54.000000, 298.750000, 1.899414, -0.002819, 1.588867, 196.125000, 1.774414, 38.875000, 1.683594, -0.000012, 1.868164, -0.000313, -1.765625, 0.000369, 1.925781, 0.005756, 1.385742, 2.132812, 1.813477, 3446.000000, -1.410156, 0.015472, 1.877930, 8.929688, 
1.791992, -0.000095, -1.708984, 0.591797, 1.819336, -0.000406, 1.920898, -0.003654, -1.876953, -54.281250, -1.655273, -0.049255, 1.643555, -14.671875, -1.776367, 7.445312, -1.596680, -0.555664, -1.720703, -0.015381, -1.745117, 0.000210, 1.755859, 0.012032, -1.904297, 0.000473, 1.663086, 66.062500, 1.950195, -0.000327, 
1.748047, -6.082031, 1.834961, 5.687500, 1.872070, 1.375000, 1.990234, 190.375000, -1.941406, -67136.000000, -1.770508, -0.000013, -1.789062, -109.000000, 1.865234, -0.243530, 1.848633, -0.223267, 1.896484, 0.020676, 1.625000, -8.460938, 1.912109, -7556.000000, -1.898438, -0.000118, -1.879883, -0.869141, -1.640625, -0.069458, 
-1.537109, 0.027649, -1.493164, -51584.000000, -1.771484, -0.000361, -1.394531, 6.339844, -1.663086, 386.500000, 1.590820, -8664.000000, -1.750000, 0.000003, 1.990234, 3.900391, -1.984375, 1970.000000, -1.342773, 0.161133, 1.708984, 67264.000000, -1.809570, -114.875000, -1.896484, 0.006359, -1.306641, -0.000475, 1.903320, 0.000629, 
-1.723633, -0.008507, 2.013672, 1.665039, -1.025391, 0.184937, 1.801758]
copy khash
DumpTensor: desc=1, addr=8800, data_type=int16, position=UB, dump_size=128
[26169, 2328, 22609, 14974, 11616, 12819, 22557, 32597, 0, 0, 0, 0, 0, 0, 0, 0, 26169, 2328, 22609, 14974, 11616, 12819, 22557, 32597, 0, 0, 0, 0, 0, 0, 0, 
0, 26169, 2328, 22609, 14974, 11616, 12819, 22557, 32597, 0, 0, 0, 0, 0, 0, 0, 0, 26169, 2328, 22609, 14974, 11616, 12819, 22557, 32597, 0, 0, 0, 0, 0, 
0, 0, 0, 26169, 2328, 22609, 14974, 11616, 12819, 22557, 32597, 0, 0, 0, 0, 0, 0, 0, 0, 26169, 2328, 22609, 14974, 11616, 12819, 22557, 32597, 0, 0, 0, 
0, 0, 0, 0, 0, 26169, 2328, 22609, 14974, 11616, 12819, 22557, 32597, 0, 0, 0, 0, 0, 0, 0, 0, 26169, 2328, 22609, 14974, 11616, 12819, 22557, 32597, 0, 
0, 0, 0, 0, 0, 0, 0]
XOR
DumpTensor: desc=1, addr=8600, data_type=int16, position=UB, dump_size=128
[10006, 25977, 11574, 27513, 18032, 29567, 1633, 23901, 0, 0, 0, 0, 0, 0, 0, 0, 4709, 11902, 17925, 16192, 21870, 15154, 19270, 32072, 0, 0, 0, 0, 0, 0, 0, 
0, 20004, 8055, 25965, 21095, 9031, 24883, 29729, 2816, 0, 0, 0, 0, 0, 0, 0, 0, 16134, 18798, 25961, 30552, 24642, 20050, 31794, 8757, 0, 0, 0, 0, 0, 
0, 0, 0, 22886, 22902, 22562, 32619, 29206, 30008, 11294, 2149, 0, 0, 0, 0, 0, 0, 0, 0, 32031, 10776, 15223, 21011, 25912, 26444, 25641, 32524, 0, 0, 0, 
0, 0, 0, 0, 0, 7233, 15211, 13326, 22337, 26479, 29792, 20516, 31513, 0, 0, 0, 0, 0, 0, 0, 0, 3845, 26751, 338, 26395, 15923, 24143, 14905, 26926, 0, 
0, 0, 0, 0, 0, 0, 0]
2 bit
DumpTensor: desc=1, addr=8600, data_type=int16, position=UB, dump_size=128
[5653, 21861, 6437, 22117, 17760, 25194, 1361, 22873, 0, 0, 0, 0, 0, 0, 0, 0, 4437, 6505, 17669, 10816, 21849, 9761, 17989, 26948, 0, 0, 0, 0, 0, 0, 0, 
0, 18708, 6758, 21849, 20822, 4678, 20770, 25617, 1536, 0, 0, 0, 0, 0, 0, 0, 0, 10757, 17753, 21845, 26196, 20545, 18769, 26657, 4389, 0, 0, 0, 0, 0, 
0, 0, 0, 21845, 21861, 21521, 27222, 24853, 25892, 6169, 1109, 0, 0, 0, 0, 0, 0, 0, 0, 26906, 5396, 9830, 20754, 21796, 22088, 21525, 27144, 0, 0, 0, 
0, 0, 0, 0, 0, 6209, 9814, 9225, 22081, 22106, 25680, 20500, 26133, 0, 0, 0, 0, 0, 0, 0, 0, 2565, 21610, 337, 22038, 10530, 22858, 9509, 21785, 0, 
0, 0, 0, 0, 0, 0, 0]
4 bit
DumpTensor: desc=1, addr=8600, data_type=int16, position=UB, dump_size=128
[4882, 8754, 4898, 9010, 4656, 12852, 545, 8995, 0, 0, 0, 0, 0, 0, 0, 0, 4386, 4915, 4610, 9232, 8739, 8993, 4882, 13073, 0, 0, 0, 0, 0, 0, 0, 
0, 4881, 5171, 8739, 8483, 4627, 8482, 12561, 768, 0, 0, 0, 0, 0, 0, 0, 0, 9218, 4643, 8738, 13089, 8209, 4897, 12833, 4386, 0, 0, 0, 0, 0, 
0, 0, 0, 8738, 8754, 8465, 13347, 12562, 12833, 4627, 290, 0, 0, 0, 0, 0, 0, 0, 0, 13076, 4625, 9011, 8466, 8737, 8978, 8466, 13314, 0, 0, 0, 
0, 0, 0, 0, 0, 4625, 8995, 8451, 8977, 8996, 12576, 8209, 13074, 0, 0, 0, 0, 0, 0, 0, 0, 1026, 8500, 289, 8979, 8994, 8980, 8738, 8723, 0, 
0, 0, 0, 0, 0, 0, 0]
8 bit
DumpTensor: desc=1, addr=8600, data_type=int16, position=UB, dump_size=128
[1027, 1029, 1028, 1285, 771, 1287, 515, 1285, 0, 0, 0, 0, 0, 0, 0, 0, 516, 1030, 770, 1537, 1029, 1283, 1027, 1538, 0, 0, 0, 0, 0, 0, 0, 
0, 1026, 1286, 1029, 773, 772, 772, 1026, 768, 0, 0, 0, 0, 0, 0, 0, 0, 1538, 773, 1028, 1539, 514, 1027, 1283, 516, 0, 0, 0, 0, 0, 
0, 0, 0, 1028, 1029, 770, 1797, 1027, 1283, 772, 260, 0, 0, 0, 0, 0, 0, 0, 0, 1541, 770, 1286, 771, 1027, 1283, 771, 1794, 0, 0, 0, 
0, 0, 0, 0, 0, 770, 1285, 771, 1282, 1286, 1026, 514, 1539, 0, 0, 0, 0, 0, 0, 0, 0, 1026, 775, 259, 1284, 1284, 1285, 1028, 1028, 0, 
0, 0, 0, 0, 0, 0, 0]
16 bit
DumpTensor: desc=1, addr=8600, data_type=int16, position=UB, dump_size=128
[1031, 1033, 1032, 1290, 774, 1292, 517, 1290, 0, 0, 0, 0, 0, 0, 0, 0, 518, 1034, 773, 1543, 1033, 1288, 1031, 1544, 0, 0, 0, 0, 0, 0, 0, 
0, 1030, 1291, 1033, 776, 775, 775, 1030, 771, 0, 0, 0, 0, 0, 0, 0, 0, 1544, 776, 1032, 1545, 516, 1031, 1288, 518, 0, 0, 0, 0, 0, 
0, 0, 0, 1032, 1033, 773, 1804, 1031, 1288, 775, 261, 0, 0, 0, 0, 0, 0, 0, 0, 1547, 773, 1291, 774, 1031, 1288, 774, 1801, 0, 0, 0, 
0, 0, 0, 0, 0, 773, 1290, 774, 1287, 1291, 1030, 516, 1545, 0, 0, 0, 0, 0, 0, 0, 0, 1030, 778, 260, 1289, 1289, 1290, 1032, 1032, 0, 
0, 0, 0, 0, 0, 0, 0]
final
DumpTensor: desc=1, addr=8600, data_type=int16, position=UB, dump_size=128
[7, 9, 8, 10, 6, 12, 5, 10, 0, 0, 0, 0, 0, 0, 0, 0, 6, 10, 5, 7, 9, 8, 7, 8, 0, 0, 0, 0, 0, 0, 0, 
0, 6, 11, 9, 8, 7, 7, 6, 3, 0, 0, 0, 0, 0, 0, 0, 0, 8, 8, 8, 9, 4, 7, 8, 6, 0, 0, 0, 0, 0, 
0, 0, 0, 8, 9, 5, 12, 7, 8, 7, 5, 0, 0, 0, 0, 0, 0, 0, 0, 11, 5, 11, 6, 7, 8, 6, 9, 0, 0, 0, 
0, 0, 0, 0, 0, 5, 10, 6, 7, 11, 6, 4, 9, 0, 0, 0, 0, 0, 0, 0, 0, 6, 10, 4, 9, 9, 10, 8, 8, 0, 
0, 0, 0, 0, 0, 0, 0]
cast
DumpTensor: desc=1, addr=8c00, data_type=float16, position=UB, dump_size=128
[7.000000, 9.000000, 8.000000, 10.000000, 6.000000, 12.000000, 5.000000, 10.000000, 0.000000, 0.000000, 0.000000, 0.000000, 0.000000, 0.000000, 0.000000, 0.000000, 6.000000, 10.000000, 5.000000, 7.000000, 9.000000, 8.000000, 7.000000, 8.000000, 0.000000, 0.000000, 0.000000, 0.000000, 0.000000, 0.000000, 0.000000, 
0.000000, 6.000000, 11.000000, 9.000000, 8.000000, 7.000000, 7.000000, 6.000000, 3.000000, 0.000000, 0.000000, 0.000000, 0.000000, 0.000000, 0.000000, 0.000000, 0.000000, 8.000000, 8.000000, 8.000000, 9.000000, 4.000000, 7.000000, 8.000000, 6.000000, 0.000000, 0.000000, 0.000000, 0.000000, 0.000000, 
0.000000, 0.000000, 0.000000, 8.000000, 9.000000, 5.000000, 12.000000, 7.000000, 8.000000, 7.000000, 5.000000, 0.000000, 0.000000, 0.000000, 0.000000, 0.000000, 0.000000, 0.000000, 0.000000, 11.000000, 5.000000, 11.000000, 6.000000, 7.000000, 8.000000, 6.000000, 9.000000, 0.000000, 0.000000, 0.000000, 
0.000000, 0.000000, 0.000000, 0.000000, 0.000000, 5.000000, 10.000000, 6.000000, 7.000000, 11.000000, 6.000000, 4.000000, 9.000000, 0.000000, 0.000000, 0.000000, 0.000000, 0.000000, 0.000000, 0.000000, 0.000000, 6.000000, 10.000000, 4.000000, 9.000000, 9.000000, 10.000000, 8.000000, 8.000000, 0.000000, 
0.000000, 0.000000, 0.000000, 0.000000, 0.000000, 0.000000, 0.000000]
cumsum lastrow
DumpTensor: desc=1, addr=19400, data_type=float16, position=UB, dump_size=128
[57.000000, 72.000000, 56.000000, 68.000000, 60.000000, 66.000000, 51.000000, 58.000000, 0.000000, 0.000000, 0.000000, 0.000000, 0.000000, 0.000000, 0.000000, 0.000000, 47.000000, 58.000000, 58.000000, 60.000000, 54.000000, 62.000000, 47.000000, 56.000000, 0.000000, 0.000000, 0.000000, 0.000000, 0.000000, 0.000000, 0.000000, 
0.000000, -1208.000000, -11504.000000, -30880.000000, -25696.000000, -30704.000000, 131008.000000, -4920.000000, 387.000000, 39584.000000, 131008.000000, 131008.000000, 2708.000000, 4344.000000, 448.500000, 131008.000000, -10304.000000, -9192.000000, 131008.000000, 796.000000, 920.500000, 454.000000, 418.000000, 458.000000, 430.000000, 464.000000, 462.000000, 440.000000, 438.000000, 466.000000, 
432.000000, 472.000000, 452.000000, 464.000000, 440.000000, 454.000000, 455.000000, 344.250000, 11216.000000, 22224.000000, 3798.000000, -2780.000000, 10560.000000, 131008.000000, 912.000000, -20192.000000, -2580.000000, 31328.000000, -6436.000000, 441.750000, -5072.000000, 402.500000, -2830.000000, 10256.000000, 183.750000, 131008.000000, -1816.000000, 417.750000, 373.250000, -40992.000000, 
3596.000000, 131008.000000, 1364.000000, -36544.000000, -24816.000000, -65536.000000, 131008.000000, -3736.000000, -14344.000000, -37472.000000, -2272.000000, 131008.000000, 131008.000000, 252.750000, -12128.000000, 233.875000, 467.500000, 7064.000000, -17408.000000, 515.500000, -10264.000000, 36480.000000, 13952.000000, 446.250000, 214.500000, 4732.000000, -1523.000000, 200.625000, 1154.000000, -1456.000000, 
-23664.000000, 8032.000000, 429.750000, 34496.000000, 462.000000, 648.000000, -11880.000000]
copy sum
DumpTensor: desc=1, addr=10c00, data_type=float16, position=UB, dump_size=128
[57.000000, 72.000000, 56.000000, 68.000000, 60.000000, 66.000000, 51.000000, 58.000000, 0.196899, -1.801758, -1650.000000, -1.914062, 0.001551, -1.900391, -0.362793, -1.963867, 45.000000, 56.000000, 52.000000, 66.000000, 54.000000, 62.000000, 59.000000, 50.000000, -0.000700, -1.936523, -1883.000000, 1.693359, 0.030167, 1.513672, -10072.000000, 
-1.455078, 55.000000, 64.000000, 56.000000, 54.000000, 60.000000, 56.000000, 57.000000, 54.000000, -0.738770, 1.811523, -41056.000000, 1.347656, 9712.000000, -1.717773, -0.015015, 1.566406, 55.000000, 56.000000, 54.000000, 46.000000, 64.000000, 50.000000, 57.000000, 54.000000, -23392.000000, 1.779297, -2408.000000, 1.627930, -335.500000, 
1.382812, 0.000067, -1.530273, 53.000000, 40.000000, 56.000000, 56.000000, 50.000000, 52.000000, 53.000000, 52.000000, 0.003582, -1.682617, -135.000000, 1.773438, -30960.000000, -0.952637, -24.359375, -1.909180, 47.000000, 52.000000, 56.000000, 52.000000, 54.000000, 50.000000, 59.000000, 60.000000, -0.027039, -1.699219, 807.000000, 
-1.645508, 0.008743, 1.905273, 75968.000000, -1.779297, 49.000000, 58.000000, 60.000000, 48.000000, 54.000000, 60.000000, 61.000000, 58.000000, 61.718750, 1.762695, -5940.000000, 1.542969, 501.000000, 1.868164, 2.853516, 1.800781, 51.000000, 60.000000, 58.000000, 46.000000, 64.000000, 60.000000, 57.000000, 50.000000, -50.906250, 
-1.885742, -9.015625, 1.824219, 1.512695, -2.123047, -0.003637, 1.711914]
copy khash
DumpTensor: desc=1, addr=8b00, data_type=int16, position=UB, dump_size=128
[18302, 16404, 3846, 5727, 13429, 13577, 24880, 12669, 0, 0, 0, 0, 0, 0, 0, 0, 18302, 16404, 3846, 5727, 13429, 13577, 24880, 12669, 0, 0, 0, 0, 0, 0, 0, 
0, 18302, 16404, 3846, 5727, 13429, 13577, 24880, 12669, 0, 0, 0, 0, 0, 0, 0, 0, 18302, 16404, 3846, 5727, 13429, 13577, 24880, 12669, 0, 0, 0, 0, 0, 
0, 0, 0, 18302, 16404, 3846, 5727, 13429, 13577, 24880, 12669, 0, 0, 0, 0, 0, 0, 0, 0, 18302, 16404, 3846, 5727, 13429, 13577, 24880, 12669, 0, 0, 0, 
0, 0, 0, 0, 0, 18302, 16404, 3846, 5727, 13429, 13577, 24880, 12669, 0, 0, 0, 0, 0, 0, 0, 0, 18302, 16404, 3846, 5727, 13429, 13577, 24880, 12669, 0, 
0, 0, 0, 0, 0, 0, 0]
XOR
DumpTensor: desc=1, addr=8900, data_type=int16, position=UB, dump_size=128
[1617, 11381, 31329, 18264, 24421, 29797, 16204, 4981, 0, 0, 0, 0, 0, 0, 0, 0, 13090, 26482, 4434, 4961, 19579, 15400, 29291, 13152, 0, 0, 0, 0, 0, 0, 0, 
0, 28515, 22139, 12858, 32326, 14930, 26153, 19724, 17704, 0, 0, 0, 0, 0, 0, 0, 0, 7745, 98, 12862, 23417, 31063, 18760, 17695, 27677, 0, 0, 0, 0, 0, 
0, 0, 0, 30753, 4218, 3957, 21322, 27395, 29218, 5427, 17997, 0, 0, 0, 0, 0, 0, 0, 0, 23640, 25364, 27680, 32306, 31789, 24662, 23812, 12580, 0, 0, 0, 
0, 0, 0, 0, 0, 15622, 29287, 25433, 31584, 32378, 29562, 26889, 13617, 0, 0, 0, 0, 0, 0, 0, 0, 11842, 8563, 22021, 19258, 10022, 22869, 788, 9990, 0, 
0, 0, 0, 0, 0, 0, 0]
2 bit
DumpTensor: desc=1, addr=8900, data_type=int16, position=UB, dump_size=128
[1361, 6245, 25937, 18004, 23125, 25685, 10824, 4709, 0, 0, 0, 0, 0, 0, 0, 0, 8721, 22113, 4433, 4689, 18534, 10260, 24918, 8784, 0, 0, 0, 0, 0, 0, 0, 
0, 23122, 21862, 8485, 26949, 9553, 21781, 18696, 17684, 0, 0, 0, 0, 0, 0, 0, 0, 6465, 81, 8489, 22117, 25942, 17732, 17690, 22553, 0, 0, 0, 0, 0, 
0, 0, 0, 25617, 4197, 2661, 21061, 22018, 24849, 5410, 17737, 0, 0, 0, 0, 0, 0, 0, 0, 22612, 21012, 22544, 26913, 26649, 20565, 22788, 8468, 0, 0, 0, 
0, 0, 0, 0, 0, 10501, 24918, 21077, 26192, 26981, 25189, 21765, 9505, 0, 0, 0, 0, 0, 0, 0, 0, 6465, 4450, 21765, 17957, 5653, 21845, 532, 5637, 0, 
0, 0, 0, 0, 0, 0, 0]
4 bit
DumpTensor: desc=1, addr=8900, data_type=int16, position=UB, dump_size=128
[545, 4658, 12833, 4897, 9250, 12578, 9234, 4658, 0, 0, 0, 0, 0, 0, 0, 0, 8721, 9009, 4385, 4641, 4659, 8721, 12579, 8736, 0, 0, 0, 0, 0, 0, 0, 
0, 9250, 8755, 8482, 13074, 8737, 8722, 4866, 4625, 0, 0, 0, 0, 0, 0, 0, 0, 4881, 33, 8483, 9010, 12835, 4625, 4628, 8723, 0, 0, 0, 0, 0, 
0, 0, 0, 12561, 4146, 1074, 8722, 8962, 12561, 4642, 4627, 0, 0, 0, 0, 0, 0, 0, 0, 8737, 8721, 8720, 13089, 12819, 8226, 8961, 8465, 0, 0, 0, 
0, 0, 0, 0, 0, 8962, 12579, 8738, 13088, 13106, 12850, 8706, 8737, 0, 0, 0, 0, 0, 0, 0, 0, 4881, 4402, 8706, 4898, 4882, 8738, 529, 4866, 0, 
0, 0, 0, 0, 0, 0, 0]
8 bit
DumpTensor: desc=1, addr=8900, data_type=int16, position=UB, dump_size=128
[515, 773, 1283, 1027, 1540, 1028, 1539, 773, 0, 0, 0, 0, 0, 0, 0, 0, 1026, 1284, 515, 771, 774, 1026, 1029, 1026, 0, 0, 0, 0, 0, 0, 0, 
0, 1540, 1030, 772, 1539, 1027, 1027, 1026, 770, 0, 0, 0, 0, 0, 0, 0, 0, 1026, 3, 773, 1285, 1285, 770, 773, 1028, 0, 0, 0, 0, 0, 
0, 0, 0, 1026, 261, 1029, 1027, 1282, 1026, 772, 772, 0, 0, 0, 0, 0, 0, 0, 0, 1027, 1026, 1025, 1539, 1284, 516, 1281, 770, 0, 0, 0, 
0, 0, 0, 0, 0, 1282, 1029, 1028, 1538, 1541, 1285, 1026, 1027, 0, 0, 0, 0, 0, 0, 0, 0, 1026, 517, 1026, 1028, 1027, 1028, 514, 1026, 0, 
0, 0, 0, 0, 0, 0, 0]
16 bit
DumpTensor: desc=1, addr=8900, data_type=int16, position=UB, dump_size=128
[517, 776, 1288, 1031, 1546, 1032, 1545, 776, 0, 0, 0, 0, 0, 0, 0, 0, 1030, 1289, 517, 774, 777, 1030, 1033, 1030, 0, 0, 0, 0, 0, 0, 0, 
0, 1546, 1034, 775, 1545, 1031, 1031, 1030, 773, 0, 0, 0, 0, 0, 0, 0, 0, 1030, 3, 776, 1290, 1290, 773, 776, 1032, 0, 0, 0, 0, 0, 
0, 0, 0, 1030, 262, 1033, 1031, 1287, 1030, 775, 775, 0, 0, 0, 0, 0, 0, 0, 0, 1031, 1030, 1029, 1545, 1289, 518, 1286, 773, 0, 0, 0, 
0, 0, 0, 0, 0, 1287, 1033, 1032, 1544, 1547, 1290, 1030, 1031, 0, 0, 0, 0, 0, 0, 0, 0, 1030, 519, 1030, 1032, 1031, 1032, 516, 1030, 0, 
0, 0, 0, 0, 0, 0, 0]
final
DumpTensor: desc=1, addr=8900, data_type=int16, position=UB, dump_size=128
[5, 8, 8, 7, 10, 8, 9, 8, 0, 0, 0, 0, 0, 0, 0, 0, 6, 9, 5, 6, 9, 6, 9, 6, 0, 0, 0, 0, 0, 0, 0, 
0, 10, 10, 7, 9, 7, 7, 6, 5, 0, 0, 0, 0, 0, 0, 0, 0, 6, 3, 8, 10, 10, 5, 8, 8, 0, 0, 0, 0, 0, 
0, 0, 0, 6, 6, 9, 7, 7, 6, 7, 7, 0, 0, 0, 0, 0, 0, 0, 0, 7, 6, 5, 9, 9, 6, 6, 5, 0, 0, 0, 
0, 0, 0, 0, 0, 7, 9, 8, 8, 11, 10, 6, 7, 0, 0, 0, 0, 0, 0, 0, 0, 6, 7, 6, 8, 7, 8, 4, 6, 0, 
0, 0, 0, 0, 0, 0, 0]
cast
DumpTensor: desc=1, addr=cc00, data_type=float16, position=UB, dump_size=128
[5.000000, 8.000000, 8.000000, 7.000000, 10.000000, 8.000000, 9.000000, 8.000000, 0.000000, 0.000000, 0.000000, 0.000000, 0.000000, 0.000000, 0.000000, 0.000000, 6.000000, 9.000000, 5.000000, 6.000000, 9.000000, 6.000000, 9.000000, 6.000000, 0.000000, 0.000000, 0.000000, 0.000000, 0.000000, 0.000000, 0.000000, 
0.000000, 10.000000, 10.000000, 7.000000, 9.000000, 7.000000, 7.000000, 6.000000, 5.000000, 0.000000, 0.000000, 0.000000, 0.000000, 0.000000, 0.000000, 0.000000, 0.000000, 6.000000, 3.000000, 8.000000, 10.000000, 10.000000, 5.000000, 8.000000, 8.000000, 0.000000, 0.000000, 0.000000, 0.000000, 0.000000, 
0.000000, 0.000000, 0.000000, 6.000000, 6.000000, 9.000000, 7.000000, 7.000000, 6.000000, 7.000000, 7.000000, 0.000000, 0.000000, 0.000000, 0.000000, 0.000000, 0.000000, 0.000000, 0.000000, 7.000000, 6.000000, 5.000000, 9.000000, 9.000000, 6.000000, 6.000000, 5.000000, 0.000000, 0.000000, 0.000000, 
0.000000, 0.000000, 0.000000, 0.000000, 0.000000, 7.000000, 9.000000, 8.000000, 8.000000, 11.000000, 10.000000, 6.000000, 7.000000, 0.000000, 0.000000, 0.000000, 0.000000, 0.000000, 0.000000, 0.000000, 0.000000, 6.000000, 7.000000, 6.000000, 8.000000, 7.000000, 8.000000, 4.000000, 6.000000, 0.000000, 
0.000000, 0.000000, 0.000000, 0.000000, 0.000000, 0.000000, 0.000000]
cumsum lastrow
DumpTensor: desc=1, addr=19420, data_type=float16, position=UB, dump_size=128
[53.000000, 58.000000, 56.000000, 64.000000, 70.000000, 56.000000, 55.000000, 52.000000, 0.000000, 0.000000, 0.000000, 0.000000, 0.000000, 0.000000, 0.000000, 0.000000, -1208.000000, -11504.000000, -30880.000000, -25696.000000, -30704.000000, 131008.000000, -4920.000000, 387.000000, 39584.000000, 131008.000000, 131008.000000, 2708.000000, 4344.000000, 448.500000, 131008.000000, 
-10304.000000, -9192.000000, 131008.000000, 796.000000, 920.500000, 454.000000, 418.000000, 458.000000, 430.000000, 464.000000, 462.000000, 440.000000, 438.000000, 466.000000, 432.000000, 472.000000, 452.000000, 464.000000, 440.000000, 454.000000, 455.000000, 344.250000, 11216.000000, 22224.000000, 3798.000000, -2780.000000, 10560.000000, 131008.000000, 912.000000, -20192.000000, 
-2580.000000, 31328.000000, -6436.000000, 441.750000, -5072.000000, 402.500000, -2830.000000, 10256.000000, 183.750000, 131008.000000, -1816.000000, 417.750000, 373.250000, -40992.000000, 3596.000000, 131008.000000, 1364.000000, -36544.000000, -24816.000000, -65536.000000, 131008.000000, -3736.000000, -14344.000000, -37472.000000, -2272.000000, 131008.000000, 131008.000000, 252.750000, -12128.000000, 233.875000, 
467.500000, 7064.000000, -17408.000000, 515.500000, -10264.000000, 36480.000000, 13952.000000, 446.250000, 214.500000, 4732.000000, -1523.000000, 200.625000, 1154.000000, -1456.000000, -23664.000000, 8032.000000, 429.750000, 34496.000000, 462.000000, 648.000000, -11880.000000, 443.000000, 36512.000000, 376.750000, 131008.000000, 459.750000, 40064.000000, 2456.000000, -5376.000000, 13472.000000, 
-121.000000, 384.000000, -48160.000000, 21920.000000, 24160.000000, 7328.000000, 647.500000]
copy sum
DumpTensor: desc=1, addr=14c00, data_type=float16, position=UB, dump_size=128
[53.000000, 58.000000, 56.000000, 64.000000, 70.000000, 56.000000, 55.000000, 52.000000, 298.750000, 1.899414, -0.002819, 1.588867, 196.125000, 1.774414, 38.875000, 1.683594, 59.000000, 60.000000, 58.000000, 62.000000, 66.000000, 48.000000, 55.000000, 62.000000, 2.132812, 1.813477, 3446.000000, -1.410156, 0.015472, 1.877930, 8.929688, 
1.791992, 53.000000, 60.000000, 58.000000, 56.000000, 56.000000, 52.000000, 61.000000, 58.000000, -54.281250, -1.655273, -0.049255, 1.643555, -14.671875, -1.776367, 7.445312, -1.596680, 65.000000, 58.000000, 58.000000, 60.000000, 54.000000, 60.000000, 53.000000, 56.000000, 0.000473, 1.663086, 66.062500, 1.950195, -0.000327, 
1.748047, -6.082031, 1.834961, 61.000000, 64.000000, 54.000000, 54.000000, 56.000000, 58.000000, 59.000000, 56.000000, -0.000013, -1.789062, -109.000000, 1.865234, -0.243530, 1.848633, -0.223267, 1.896484, 49.000000, 60.000000, 60.000000, 42.000000, 60.000000, 58.000000, 57.000000, 66.000000, -0.869141, -1.640625, -0.069458, 
-1.537109, 0.027649, -1.493164, -51584.000000, -1.771484, 63.000000, 48.000000, 58.000000, 62.000000, 52.000000, 52.000000, 67.000000, 70.000000, 0.000003, 1.990234, 3.900391, -1.984375, 1970.000000, -1.342773, 0.161133, 1.708984, 59.000000, 66.000000, 52.000000, 64.000000, 52.000000, 54.000000, 57.000000, 64.000000, 0.000629, 
-1.723633, -0.008507, 2.013672, 1.665039, -1.025391, 0.184937, 1.801758]
copy khash
DumpTensor: desc=1, addr=8800, data_type=int16, position=UB, dump_size=128
[6504, 5669, 17023, 17468, 17784, 7471, 19247, 4399, 0, 0, 0, 0, 0, 0, 0, 0, 6504, 5669, 17023, 17468, 17784, 7471, 19247, 4399, 0, 0, 0, 0, 0, 0, 0, 
0, 6504, 5669, 17023, 17468, 17784, 7471, 19247, 4399, 0, 0, 0, 0, 0, 0, 0, 0, 6504, 5669, 17023, 17468, 17784, 7471, 19247, 4399, 0, 0, 0, 0, 0, 
0, 0, 0, 6504, 5669, 17023, 17468, 17784, 7471, 19247, 4399, 0, 0, 0, 0, 0, 0, 0, 0, 6504, 5669, 17023, 17468, 17784, 7471, 19247, 4399, 0, 0, 0, 
0, 0, 0, 0, 0, 6504, 5669, 17023, 17468, 17784, 7471, 19247, 4399, 0, 0, 0, 0, 0, 0, 0, 0, 6504, 5669, 17023, 17468, 17784, 7471, 19247, 4399, 0, 
0, 0, 0, 0, 0, 0, 0]
XOR
DumpTensor: desc=1, addr=8600, data_type=int16, position=UB, dump_size=128
[22599, 31300, 14104, 5435, 11880, 23619, 5459, 13095, 0, 0, 0, 0, 0, 0, 0, 0, 27956, 12611, 23595, 16642, 15734, 5134, 22644, 4914, 0, 0, 0, 0, 0, 0, 0, 
0, 12661, 74, 32579, 11301, 19295, 19983, 26387, 25978, 0, 0, 0, 0, 0, 0, 0, 0, 16471, 22099, 32583, 2330, 2138, 24942, 28416, 19535, 0, 0, 0, 0, 0, 
0, 0, 0, 9783, 17995, 16908, 297, 6670, 23044, 16172, 26143, 0, 0, 0, 0, 0, 0, 0, 0, 590, 13605, 8537, 11345, 3360, 18544, 30491, 4470, 0, 0, 0, 
0, 0, 0, 0, 0, 25360, 9302, 11808, 10499, 3959, 23388, 17174, 5475, 0, 0, 0, 0, 0, 0, 0, 0, 28756, 30530, 7036, 6489, 22059, 29043, 10507, 1876, 0, 
0, 0, 0, 0, 0, 0, 0]
2 bit
DumpTensor: desc=1, addr=8600, data_type=int16, position=UB, dump_size=128
[21574, 25924, 9748, 5414, 6484, 22594, 5458, 8726, 0, 0, 0, 0, 0, 0, 0, 0, 22820, 8514, 22550, 16641, 10597, 5129, 21604, 4641, 0, 0, 0, 0, 0, 0, 0, 
0, 8549, 69, 27202, 6165, 18010, 18698, 22034, 21861, 0, 0, 0, 0, 0, 0, 0, 0, 16470, 21842, 27206, 1301, 1109, 20825, 23040, 18506, 0, 0, 0, 0, 0, 
0, 0, 0, 5414, 17734, 16648, 277, 5385, 21764, 10776, 21786, 0, 0, 0, 0, 0, 0, 0, 0, 329, 9493, 4437, 6225, 2320, 17504, 26134, 4453, 0, 0, 0, 
0, 0, 0, 0, 0, 21008, 5205, 6416, 5378, 2662, 22104, 16917, 5458, 0, 0, 0, 0, 0, 0, 0, 0, 24660, 26177, 5736, 5461, 21782, 24930, 5382, 1620, 0, 
0, 0, 0, 0, 0, 0, 0]
4 bit
DumpTensor: desc=1, addr=8600, data_type=int16, position=UB, dump_size=128
[8467, 12817, 8977, 4643, 4897, 8722, 4642, 8723, 0, 0, 0, 0, 0, 0, 0, 0, 8993, 8466, 8723, 4353, 9010, 4355, 8497, 4641, 0, 0, 0, 0, 0, 0, 0, 
0, 8498, 18, 13330, 4626, 4900, 4868, 8978, 8754, 0, 0, 0, 0, 0, 0, 0, 0, 4131, 8738, 13331, 530, 290, 8483, 9216, 4628, 0, 0, 0, 0, 0, 
0, 0, 0, 4643, 4627, 4354, 274, 4611, 8705, 9234, 8724, 0, 0, 0, 0, 0, 0, 0, 0, 275, 8722, 4386, 4641, 784, 4400, 13075, 4402, 0, 0, 0, 
0, 0, 0, 0, 0, 8720, 4386, 4880, 4610, 1075, 8994, 4626, 4642, 0, 0, 0, 0, 0, 0, 0, 0, 12321, 13073, 4914, 4642, 8723, 12594, 4611, 801, 0, 
0, 0, 0, 0, 0, 0, 0]
8 bit
DumpTensor: desc=1, addr=8600, data_type=int16, position=UB, dump_size=128
[772, 1282, 1282, 773, 1027, 1027, 772, 1028, 0, 0, 0, 0, 0, 0, 0, 0, 1283, 771, 1028, 513, 1285, 515, 772, 771, 0, 0, 0, 0, 0, 0, 0, 
0, 773, 3, 1795, 771, 1030, 1028, 1283, 1029, 0, 0, 0, 0, 0, 0, 0, 0, 261, 1028, 1796, 515, 260, 773, 1536, 773, 0, 0, 0, 0, 0, 
0, 0, 0, 773, 772, 514, 259, 771, 1025, 1539, 1029, 0, 0, 0, 0, 0, 0, 0, 0, 260, 1027, 516, 771, 769, 515, 1540, 517, 0, 0, 0, 
0, 0, 0, 0, 0, 1025, 516, 1025, 770, 1030, 1284, 771, 772, 0, 0, 0, 0, 0, 0, 0, 0, 771, 1538, 1029, 772, 1028, 1029, 771, 771, 0, 
0, 0, 0, 0, 0, 0, 0]
16 bit
DumpTensor: desc=1, addr=8600, data_type=int16, position=UB, dump_size=128
[775, 1287, 1287, 776, 1031, 1031, 775, 1032, 0, 0, 0, 0, 0, 0, 0, 0, 1288, 774, 1032, 515, 1290, 517, 775, 774, 0, 0, 0, 0, 0, 0, 0, 
0, 776, 3, 1802, 774, 1034, 1032, 1288, 1033, 0, 0, 0, 0, 0, 0, 0, 0, 262, 1032, 1803, 517, 261, 776, 1542, 776, 0, 0, 0, 0, 0, 
0, 0, 0, 776, 775, 516, 260, 774, 1029, 1545, 1033, 0, 0, 0, 0, 0, 0, 0, 0, 261, 1031, 518, 774, 772, 517, 1546, 519, 0, 0, 0, 
0, 0, 0, 0, 0, 1029, 518, 1029, 773, 1034, 1289, 774, 775, 0, 0, 0, 0, 0, 0, 0, 0, 774, 1544, 1033, 775, 1032, 1033, 774, 774, 0, 
0, 0, 0, 0, 0, 0, 0]
final
DumpTensor: desc=1, addr=8600, data_type=int16, position=UB, dump_size=128
[7, 7, 7, 8, 7, 7, 7, 8, 0, 0, 0, 0, 0, 0, 0, 0, 8, 6, 8, 3, 10, 5, 7, 6, 0, 0, 0, 0, 0, 0, 0, 
0, 8, 3, 10, 6, 10, 8, 8, 9, 0, 0, 0, 0, 0, 0, 0, 0, 6, 8, 11, 5, 5, 8, 6, 8, 0, 0, 0, 0, 0, 
0, 0, 0, 8, 7, 4, 4, 6, 5, 9, 9, 0, 0, 0, 0, 0, 0, 0, 0, 5, 7, 6, 6, 4, 5, 10, 7, 0, 0, 0, 
0, 0, 0, 0, 0, 5, 6, 5, 5, 10, 9, 6, 7, 0, 0, 0, 0, 0, 0, 0, 0, 6, 8, 9, 7, 8, 9, 6, 6, 0, 
0, 0, 0, 0, 0, 0, 0]
cast
DumpTensor: desc=1, addr=8c00, data_type=float16, position=UB, dump_size=128
[7.000000, 7.000000, 7.000000, 8.000000, 7.000000, 7.000000, 7.000000, 8.000000, 0.000000, 0.000000, 0.000000, 0.000000, 0.000000, 0.000000, 0.000000, 0.000000, 8.000000, 6.000000, 8.000000, 3.000000, 10.000000, 5.000000, 7.000000, 6.000000, 0.000000, 0.000000, 0.000000, 0.000000, 0.000000, 0.000000, 0.000000, 
0.000000, 8.000000, 3.000000, 10.000000, 6.000000, 10.000000, 8.000000, 8.000000, 9.000000, 0.000000, 0.000000, 0.000000, 0.000000, 0.000000, 0.000000, 0.000000, 0.000000, 6.000000, 8.000000, 11.000000, 5.000000, 5.000000, 8.000000, 6.000000, 8.000000, 0.000000, 0.000000, 0.000000, 0.000000, 0.000000, 
0.000000, 0.000000, 0.000000, 8.000000, 7.000000, 4.000000, 4.000000, 6.000000, 5.000000, 9.000000, 9.000000, 0.000000, 0.000000, 0.000000, 0.000000, 0.000000, 0.000000, 0.000000, 0.000000, 5.000000, 7.000000, 6.000000, 6.000000, 4.000000, 5.000000, 10.000000, 7.000000, 0.000000, 0.000000, 0.000000, 
0.000000, 0.000000, 0.000000, 0.000000, 0.000000, 5.000000, 6.000000, 5.000000, 5.000000, 10.000000, 9.000000, 6.000000, 7.000000, 0.000000, 0.000000, 0.000000, 0.000000, 0.000000, 0.000000, 0.000000, 0.000000, 6.000000, 8.000000, 9.000000, 7.000000, 8.000000, 9.000000, 6.000000, 6.000000, 0.000000, 
0.000000, 0.000000, 0.000000, 0.000000, 0.000000, 0.000000, 0.000000]
cumsum lastrow
DumpTensor: desc=1, addr=19400, data_type=float16, position=UB, dump_size=128
[53.000000, 52.000000, 60.000000, 44.000000, 60.000000, 56.000000, 59.000000, 60.000000, 0.000000, 0.000000, 0.000000, 0.000000, 0.000000, 0.000000, 0.000000, 0.000000, 55.000000, 60.000000, 56.000000, 62.000000, 60.000000, 48.000000, 61.000000, 54.000000, 0.000000, 0.000000, 0.000000, 0.000000, 0.000000, 0.000000, 0.000000, 
0.000000, -1208.000000, -11504.000000, -30880.000000, -25696.000000, -30704.000000, 131008.000000, -4920.000000, 387.000000, 39584.000000, 131008.000000, 131008.000000, 2708.000000, 4344.000000, 448.500000, 131008.000000, -10304.000000, -9192.000000, 131008.000000, 796.000000, 920.500000, 454.000000, 418.000000, 458.000000, 430.000000, 464.000000, 462.000000, 440.000000, 438.000000, 466.000000, 
432.000000, 472.000000, 452.000000, 464.000000, 440.000000, 454.000000, 455.000000, 344.250000, 11216.000000, 22224.000000, 3798.000000, -2780.000000, 10560.000000, 131008.000000, 912.000000, -20192.000000, -2580.000000, 31328.000000, -6436.000000, 441.750000, -5072.000000, 402.500000, -2830.000000, 10256.000000, 183.750000, 131008.000000, -1816.000000, 417.750000, 373.250000, -40992.000000, 
3596.000000, 131008.000000, 1364.000000, -36544.000000, -24816.000000, -65536.000000, 131008.000000, -3736.000000, -14344.000000, -37472.000000, -2272.000000, 131008.000000, 131008.000000, 252.750000, -12128.000000, 233.875000, 467.500000, 7064.000000, -17408.000000, 515.500000, -10264.000000, 36480.000000, 13952.000000, 446.250000, 214.500000, 4732.000000, -1523.000000, 200.625000, 1154.000000, -1456.000000, 
-23664.000000, 8032.000000, 429.750000, 34496.000000, 462.000000, 648.000000, -11880.000000]
copy sum
DumpTensor: desc=1, addr=10c00, data_type=float16, position=UB, dump_size=128
[53.000000, 52.000000, 60.000000, 44.000000, 60.000000, 56.000000, 59.000000, 60.000000, 0.196899, -1.801758, -1650.000000, -1.914062, 0.001551, -1.900391, -0.362793, -1.963867, 61.000000, 62.000000, 64.000000, 62.000000, 50.000000, 50.000000, 61.000000, 58.000000, -0.000700, -1.936523, -1883.000000, 1.693359, 0.030167, 1.513672, -10072.000000, 
-1.455078, 59.000000, 58.000000, 56.000000, 52.000000, 54.000000, 58.000000, 53.000000, 50.000000, -0.738770, 1.811523, -41056.000000, 1.347656, 9712.000000, -1.717773, -0.015015, 1.566406, 51.000000, 50.000000, 64.000000, 50.000000, 54.000000, 56.000000, 61.000000, 66.000000, -23392.000000, 1.779297, -2408.000000, 1.627930, -335.500000, 
1.382812, 0.000067, -1.530273, 55.000000, 48.000000, 56.000000, 60.000000, 56.000000, 62.000000, 57.000000, 60.000000, 0.003582, -1.682617, -135.000000, 1.773438, -30960.000000, -0.952637, -24.359375, -1.909180, 65.000000, 46.000000, 56.000000, 50.000000, 58.000000, 52.000000, 45.000000, 56.000000, -0.027039, -1.699219, 807.000000, 
-1.645508, 0.008743, 1.905273, 75968.000000, -1.779297, 49.000000, 50.000000, 60.000000, 46.000000, 60.000000, 48.000000, 61.000000, 66.000000, 61.718750, 1.762695, -5940.000000, 1.542969, 501.000000, 1.868164, 2.853516, 1.800781, 53.000000, 62.000000, 62.000000, 64.000000, 54.000000, 62.000000, 63.000000, 62.000000, -50.906250, 
-1.885742, -9.015625, 1.824219, 1.512695, -2.123047, -0.003637, 1.711914]
copy khash
DumpTensor: desc=1, addr=8b00, data_type=int16, position=UB, dump_size=128
[22848, 23577, 11273, 9050, 13639, 19776, 27513, 21083, 0, 0, 0, 0, 0, 0, 0, 0, 22848, 23577, 11273, 9050, 13639, 19776, 27513, 21083, 0, 0, 0, 0, 0, 0, 0, 
0, 22848, 23577, 11273, 9050, 13639, 19776, 27513, 21083, 0, 0, 0, 0, 0, 0, 0, 0, 22848, 23577, 11273, 9050, 13639, 19776, 27513, 21083, 0, 0, 0, 0, 0, 
0, 0, 0, 22848, 23577, 11273, 9050, 13639, 19776, 27513, 21083, 0, 0, 0, 0, 0, 0, 0, 0, 22848, 23577, 11273, 9050, 13639, 19776, 27513, 21083, 0, 0, 0, 
0, 0, 0, 0, 0, 22848, 23577, 11273, 9050, 13639, 19776, 27513, 21083, 0, 0, 0, 0, 0, 0, 0, 0, 22848, 23577, 11273, 9050, 13639, 19776, 27513, 21083, 0, 
0, 0, 0, 0, 0, 0, 0]
XOR
DumpTensor: desc=1, addr=8900, data_type=int16, position=UB, dump_size=128
[6255, 12408, 22894, 29277, 24151, 3116, 13573, 28755, 0, 0, 0, 0, 0, 0, 0, 0, 11548, 31615, 12893, 9828, 19785, 17505, 30754, 20550, 0, 0, 0, 0, 0, 0, 0, 
0, 29021, 19062, 4405, 19267, 15200, 7776, 18245, 9742, 0, 0, 0, 0, 0, 0, 0, 0, 127, 7279, 4401, 28284, 30821, 12545, 20310, 3899, 0, 0, 0, 0, 0, 
0, 0, 0, 26143, 3191, 11386, 26191, 27185, 2667, 8058, 9579, 0, 0, 0, 0, 0, 0, 0, 0, 16998, 32537, 20271, 19255, 32031, 6175, 22349, 20994, 0, 0, 0, 
0, 0, 0, 0, 0, 9016, 28266, 16470, 20069, 32584, 2867, 25408, 22039, 0, 0, 0, 0, 0, 0, 0, 0, 12412, 15742, 29962, 32319, 9748, 8476, 2397, 17440, 0, 
0, 0, 0, 0, 0, 0, 0]
2 bit
DumpTensor: desc=1, addr=8900, data_type=int16, position=UB, dump_size=128
[5210, 8292, 21849, 24921, 22870, 2072, 9477, 24658, 0, 0, 0, 0, 0, 0, 0, 0, 6424, 26218, 8537, 5460, 18757, 17489, 25617, 20549, 0, 0, 0, 0, 0, 0, 0, 
0, 24921, 17765, 4389, 17986, 9808, 6480, 17989, 5385, 0, 0, 0, 0, 0, 0, 0, 0, 106, 6234, 4385, 22888, 25685, 8449, 19029, 2598, 0, 0, 0, 0, 0, 
0, 0, 0, 21786, 2150, 6245, 21834, 21793, 1366, 6757, 5462, 0, 0, 0, 0, 0, 0, 0, 0, 16725, 27157, 18970, 17958, 26906, 5146, 22089, 20737, 0, 0, 0, 
0, 0, 0, 0, 0, 4644, 22869, 16469, 18773, 27204, 1570, 21056, 21782, 0, 0, 0, 0, 0, 0, 0, 0, 8296, 10601, 25861, 26922, 5396, 4376, 1369, 17424, 0, 
0, 0, 0, 0, 0, 0, 0]
4 bit
DumpTensor: desc=1, addr=8900, data_type=int16, position=UB, dump_size=128
[4388, 8241, 8739, 12579, 8995, 530, 8706, 12322, 0, 0, 0, 0, 0, 0, 0, 0, 4882, 13108, 8483, 4641, 4882, 4385, 12561, 8210, 0, 0, 0, 0, 0, 0, 0, 
0, 12579, 4658, 4386, 4882, 8992, 4896, 4882, 4611, 0, 0, 0, 0, 0, 0, 0, 0, 52, 4644, 4385, 9010, 12578, 8449, 5154, 1059, 0, 0, 0, 0, 0, 
0, 0, 0, 8724, 563, 4658, 8724, 8737, 547, 5170, 4643, 0, 0, 0, 0, 0, 0, 0, 0, 4386, 13330, 5140, 4899, 13076, 4372, 8979, 8449, 0, 0, 0, 
0, 0, 0, 0, 0, 4641, 8994, 4130, 4898, 13329, 802, 8720, 8723, 0, 0, 0, 0, 0, 0, 0, 0, 8242, 9011, 12802, 13092, 4625, 4370, 547, 4368, 0, 
0, 0, 0, 0, 0, 0, 0]
8 bit
DumpTensor: desc=1, addr=8900, data_type=int16, position=UB, dump_size=128
[518, 516, 1029, 1029, 1285, 515, 1026, 772, 0, 0, 0, 0, 0, 0, 0, 0, 1027, 1543, 773, 771, 1027, 515, 1026, 515, 0, 0, 0, 0, 0, 0, 0, 
0, 1029, 773, 516, 1027, 1282, 1026, 1027, 771, 0, 0, 0, 0, 0, 0, 0, 0, 7, 774, 515, 1285, 1028, 769, 1284, 1029, 0, 0, 0, 0, 0, 
0, 0, 0, 1029, 518, 773, 1029, 1027, 517, 1285, 773, 0, 0, 0, 0, 0, 0, 0, 0, 516, 1795, 1285, 1029, 1541, 517, 1284, 769, 0, 0, 0, 
0, 0, 0, 0, 0, 771, 1284, 260, 1028, 1794, 772, 1025, 1028, 0, 0, 0, 0, 0, 0, 0, 0, 517, 1286, 1282, 1542, 770, 515, 517, 513, 0, 
0, 0, 0, 0, 0, 0, 0]
16 bit
DumpTensor: desc=1, addr=8900, data_type=int16, position=UB, dump_size=128
[520, 518, 1033, 1033, 1290, 517, 1030, 775, 0, 0, 0, 0, 0, 0, 0, 0, 1031, 1549, 776, 774, 1031, 517, 1030, 517, 0, 0, 0, 0, 0, 0, 0, 
0, 1033, 776, 518, 1031, 1287, 1030, 1031, 774, 0, 0, 0, 0, 0, 0, 0, 0, 7, 777, 517, 1290, 1032, 772, 1289, 1033, 0, 0, 0, 0, 0, 
0, 0, 0, 1033, 520, 776, 1033, 1031, 519, 1290, 776, 0, 0, 0, 0, 0, 0, 0, 0, 518, 1802, 1290, 1033, 1547, 519, 1289, 772, 0, 0, 0, 
0, 0, 0, 0, 0, 774, 1289, 261, 1032, 1801, 775, 1029, 1032, 0, 0, 0, 0, 0, 0, 0, 0, 519, 1291, 1287, 1548, 773, 517, 519, 515, 0, 
0, 0, 0, 0, 0, 0, 0]
final
DumpTensor: desc=1, addr=8900, data_type=int16, position=UB, dump_size=128
[8, 6, 9, 9, 10, 5, 6, 7, 0, 0, 0, 0, 0, 0, 0, 0, 7, 13, 8, 6, 7, 5, 6, 5, 0, 0, 0, 0, 0, 0, 0, 
0, 9, 8, 6, 7, 7, 6, 7, 6, 0, 0, 0, 0, 0, 0, 0, 0, 7, 9, 5, 10, 8, 4, 9, 9, 0, 0, 0, 0, 0, 
0, 0, 0, 9, 8, 8, 9, 7, 7, 10, 8, 0, 0, 0, 0, 0, 0, 0, 0, 6, 10, 10, 9, 11, 7, 9, 4, 0, 0, 0, 
0, 0, 0, 0, 0, 6, 9, 5, 8, 9, 7, 5, 8, 0, 0, 0, 0, 0, 0, 0, 0, 7, 11, 7, 12, 5, 5, 7, 3, 0, 
0, 0, 0, 0, 0, 0, 0]
cast
DumpTensor: desc=1, addr=cc00, data_type=float16, position=UB, dump_size=128
[8.000000, 6.000000, 9.000000, 9.000000, 10.000000, 5.000000, 6.000000, 7.000000, 0.000000, 0.000000, 0.000000, 0.000000, 0.000000, 0.000000, 0.000000, 0.000000, 7.000000, 13.000000, 8.000000, 6.000000, 7.000000, 5.000000, 6.000000, 5.000000, 0.000000, 0.000000, 0.000000, 0.000000, 0.000000, 0.000000, 0.000000, 
0.000000, 9.000000, 8.000000, 6.000000, 7.000000, 7.000000, 6.000000, 7.000000, 6.000000, 0.000000, 0.000000, 0.000000, 0.000000, 0.000000, 0.000000, 0.000000, 0.000000, 7.000000, 9.000000, 5.000000, 10.000000, 8.000000, 4.000000, 9.000000, 9.000000, 0.000000, 0.000000, 0.000000, 0.000000, 0.000000, 
0.000000, 0.000000, 0.000000, 9.000000, 8.000000, 8.000000, 9.000000, 7.000000, 7.000000, 10.000000, 8.000000, 0.000000, 0.000000, 0.000000, 0.000000, 0.000000, 0.000000, 0.000000, 0.000000, 6.000000, 10.000000, 10.000000, 9.000000, 11.000000, 7.000000, 9.000000, 4.000000, 0.000000, 0.000000, 0.000000, 
0.000000, 0.000000, 0.000000, 0.000000, 0.000000, 6.000000, 9.000000, 5.000000, 8.000000, 9.000000, 7.000000, 5.000000, 8.000000, 0.000000, 0.000000, 0.000000, 0.000000, 0.000000, 0.000000, 0.000000, 0.000000, 7.000000, 11.000000, 7.000000, 12.000000, 5.000000, 5.000000, 7.000000, 3.000000, 0.000000, 
0.000000, 0.000000, 0.000000, 0.000000, 0.000000, 0.000000, 0.000000]
cumsum lastrow
DumpTensor: desc=1, addr=19420, data_type=float16, position=UB, dump_size=128
[59.000000, 74.000000, 58.000000, 70.000000, 64.000000, 46.000000, 59.000000, 50.000000, 0.000000, 0.000000, 0.000000, 0.000000, 0.000000, 0.000000, 0.000000, 0.000000, -1208.000000, -11504.000000, -30880.000000, -25696.000000, -30704.000000, 131008.000000, -4920.000000, 387.000000, 39584.000000, 131008.000000, 131008.000000, 2708.000000, 4344.000000, 448.500000, 131008.000000, 
-10304.000000, -9192.000000, 131008.000000, 796.000000, 920.500000, 454.000000, 418.000000, 458.000000, 430.000000, 464.000000, 462.000000, 440.000000, 438.000000, 466.000000, 432.000000, 472.000000, 452.000000, 464.000000, 440.000000, 454.000000, 455.000000, 344.250000, 11216.000000, 22224.000000, 3798.000000, -2780.000000, 10560.000000, 131008.000000, 912.000000, -20192.000000, 
-2580.000000, 31328.000000, -6436.000000, 441.750000, -5072.000000, 402.500000, -2830.000000, 10256.000000, 183.750000, 131008.000000, -1816.000000, 417.750000, 373.250000, -40992.000000, 3596.000000, 131008.000000, 1364.000000, -36544.000000, -24816.000000, -65536.000000, 131008.000000, -3736.000000, -14344.000000, -37472.000000, -2272.000000, 131008.000000, 131008.000000, 252.750000, -12128.000000, 233.875000, 
467.500000, 7064.000000, -17408.000000, 515.500000, -10264.000000, 36480.000000, 13952.000000, 446.250000, 214.500000, 4732.000000, -1523.000000, 200.625000, 1154.000000, -1456.000000, -23664.000000, 8032.000000, 429.750000, 34496.000000, 462.000000, 648.000000, -11880.000000, 443.000000, 36512.000000, 376.750000, 131008.000000, 459.750000, 40064.000000, 2456.000000, -5376.000000, 13472.000000, 
-121.000000, 384.000000, -48160.000000, 21920.000000, 24160.000000, 7328.000000, 647.500000]
copy sum
DumpTensor: desc=1, addr=14c00, data_type=float16, position=UB, dump_size=128
[59.000000, 74.000000, 58.000000, 70.000000, 64.000000, 46.000000, 59.000000, 50.000000, 298.750000, 1.899414, -0.002819, 1.588867, 196.125000, 1.774414, 38.875000, 1.683594, 55.000000, 54.000000, 60.000000, 50.000000, 68.000000, 64.000000, 55.000000, 56.000000, 2.132812, 1.813477, 3446.000000, -1.410156, 0.015472, 1.877930, 8.929688, 
1.791992, 65.000000, 54.000000, 56.000000, 40.000000, 58.000000, 58.000000, 43.000000, 66.000000, -54.281250, -1.655273, -0.049255, 1.643555, -14.671875, -1.776367, 7.445312, -1.596680, 61.000000, 56.000000, 60.000000, 64.000000, 56.000000, 56.000000, 55.000000, 64.000000, 0.000473, 1.663086, 66.062500, 1.950195, -0.000327, 
1.748047, -6.082031, 1.834961, 55.000000, 56.000000, 54.000000, 54.000000, 58.000000, 58.000000, 51.000000, 62.000000, -0.000013, -1.789062, -109.000000, 1.865234, -0.243530, 1.848633, -0.223267, 1.896484, 45.000000, 44.000000, 60.000000, 54.000000, 62.000000, 58.000000, 51.000000, 68.000000, -0.869141, -1.640625, -0.069458, 
-1.537109, 0.027649, -1.493164, -51584.000000, -1.771484, 49.000000, 48.000000, 58.000000, 48.000000, 56.000000, 56.000000, 51.000000, 56.000000, 0.000003, 1.990234, 3.900391, -1.984375, 1970.000000, -1.342773, 0.161133, 1.708984, 67.000000, 56.000000, 62.000000, 46.000000, 60.000000, 56.000000, 53.000000, 54.000000, 0.000629, 
-1.723633, -0.008507, 2.013672, 1.665039, -1.025391, 0.184937, 1.801758]
copy khash
DumpTensor: desc=1, addr=8800, data_type=int16, position=UB, dump_size=128
[29296, 21812, 32522, 27424, 11031, 25388, 7735, 20762, 0, 0, 0, 0, 0, 0, 0, 0, 29296, 21812, 32522, 27424, 11031, 25388, 7735, 20762, 0, 0, 0, 0, 0, 0, 0, 
0, 29296, 21812, 32522, 27424, 11031, 25388, 7735, 20762, 0, 0, 0, 0, 0, 0, 0, 0, 29296, 21812, 32522, 27424, 11031, 25388, 7735, 20762, 0, 0, 0, 0, 0, 
0, 0, 0, 29296, 21812, 32522, 27424, 11031, 25388, 7735, 20762, 0, 0, 0, 0, 0, 0, 0, 0, 29296, 21812, 32522, 27424, 11031, 25388, 7735, 20762, 0, 0, 0, 
0, 0, 0, 0, 0, 29296, 21812, 32522, 27424, 11031, 25388, 7735, 20762, 0, 0, 0, 0, 0, 0, 0, 0, 29296, 21812, 32522, 27424, 11031, 25388, 7735, 20762, 0, 
0, 0, 0, 0, 0, 0, 0]
XOR
DumpTensor: desc=1, addr=8600, data_type=int16, position=UB, dump_size=128
[13151, 14677, 2669, 14887, 16391, 8768, 16459, 29458, 0, 0, 0, 0, 0, 0, 0, 0, 1580, 29266, 24926, 28190, 21273, 27149, 3436, 21255, 0, 0, 0, 0, 0, 0, 0, 
0, 23149, 17243, 16950, 825, 9520, 12300, 12811, 9551, 0, 0, 0, 0, 0, 0, 0, 0, 11087, 5442, 16946, 9734, 26165, 8045, 14872, 3194, 0, 0, 0, 0, 0, 
0, 0, 0, 19759, 1370, 32633, 11829, 29793, 9223, 27188, 9770, 0, 0, 0, 0, 0, 0, 0, 0, 26966, 30260, 7212, 845, 25423, 13939, 8707, 20803, 0, 0, 0, 
0, 0, 0, 0, 0, 2056, 26439, 4949, 1567, 24856, 9567, 5646, 21846, 0, 0, 0, 0, 0, 0, 0, 0, 6988, 13395, 9737, 13893, 14404, 3952, 31763, 18273, 0, 
0, 0, 0, 0, 0, 0, 0]
2 bit
DumpTensor: desc=1, addr=8600, data_type=int16, position=UB, dump_size=128
[8794, 9557, 1369, 9494, 16390, 4416, 16454, 25105, 0, 0, 0, 0, 0, 0, 0, 0, 1304, 24913, 20825, 22809, 21013, 21769, 2392, 20998, 0, 0, 0, 0, 0, 0, 0, 
0, 21849, 16982, 16677, 549, 5408, 8200, 8454, 5450, 0, 0, 0, 0, 0, 0, 0, 0, 5706, 5441, 16673, 5381, 21797, 6745, 9492, 2149, 0, 0, 0, 0, 0, 
0, 0, 0, 18714, 1365, 27237, 6437, 25681, 5126, 21796, 5397, 0, 0, 0, 0, 0, 0, 0, 0, 21845, 25892, 6168, 585, 21066, 9570, 4354, 20802, 0, 0, 0, 
0, 0, 0, 0, 0, 1028, 22086, 4693, 1306, 20756, 5466, 5385, 21845, 0, 0, 0, 0, 0, 0, 0, 0, 5704, 9298, 5381, 9541, 9284, 2656, 26642, 18001, 0, 
0, 0, 0, 0, 0, 0, 0]
4 bit
DumpTensor: desc=1, addr=8600, data_type=int16, position=UB, dump_size=128
[8740, 8738, 547, 8723, 4099, 4368, 4115, 12817, 0, 0, 0, 0, 0, 0, 0, 0, 530, 12577, 8483, 8979, 8722, 8707, 802, 8707, 0, 0, 0, 0, 0, 0, 0, 
0, 8739, 4643, 4386, 546, 4640, 8194, 8451, 4628, 0, 0, 0, 0, 0, 0, 0, 0, 4884, 4625, 4385, 4610, 8738, 5155, 8721, 562, 0, 0, 0, 0, 0, 
0, 0, 0, 4884, 546, 13362, 4898, 12577, 4355, 8737, 4626, 0, 0, 0, 0, 0, 0, 0, 0, 8738, 12833, 4626, 531, 8724, 8754, 4354, 8466, 0, 0, 0, 
0, 0, 0, 0, 0, 257, 8979, 4642, 532, 8465, 4644, 4611, 8738, 0, 0, 0, 0, 0, 0, 0, 0, 4882, 8482, 4610, 8722, 8465, 1072, 12818, 4897, 0, 
0, 0, 0, 0, 0, 0, 0]
8 bit
DumpTensor: desc=1, addr=8600, data_type=int16, position=UB, dump_size=128
[1030, 1028, 517, 1028, 259, 513, 260, 1282, 0, 0, 0, 0, 0, 0, 0, 0, 515, 1027, 773, 1284, 1027, 1027, 772, 1027, 0, 0, 0, 0, 0, 0, 0, 
0, 1029, 773, 516, 516, 770, 514, 771, 773, 0, 0, 0, 0, 0, 0, 0, 0, 1029, 770, 515, 770, 1028, 1285, 1026, 517, 0, 0, 0, 0, 0, 
0, 0, 0, 1029, 516, 1797, 1028, 1027, 515, 1027, 771, 0, 0, 0, 0, 0, 0, 0, 0, 1028, 1283, 771, 516, 1029, 1029, 514, 771, 0, 0, 0, 
0, 0, 0, 0, 0, 257, 1284, 772, 517, 770, 774, 771, 1028, 0, 0, 0, 0, 0, 0, 0, 0, 1027, 772, 770, 1027, 770, 1027, 1283, 1027, 0, 
0, 0, 0, 0, 0, 0, 0]
16 bit
DumpTensor: desc=1, addr=8600, data_type=int16, position=UB, dump_size=128
[1034, 1032, 519, 1032, 260, 515, 261, 1287, 0, 0, 0, 0, 0, 0, 0, 0, 517, 1031, 776, 1289, 1031, 1031, 775, 1031, 0, 0, 0, 0, 0, 0, 0, 
0, 1033, 776, 518, 518, 773, 516, 774, 776, 0, 0, 0, 0, 0, 0, 0, 0, 1033, 773, 517, 773, 1032, 1290, 1030, 519, 0, 0, 0, 0, 0, 
0, 0, 0, 1033, 518, 1804, 1032, 1031, 517, 1031, 774, 0, 0, 0, 0, 0, 0, 0, 0, 1032, 1288, 774, 518, 1033, 1033, 516, 774, 0, 0, 0, 
0, 0, 0, 0, 0, 258, 1289, 775, 519, 773, 777, 774, 1032, 0, 0, 0, 0, 0, 0, 0, 0, 1031, 775, 773, 1031, 773, 1031, 1288, 1031, 0, 
0, 0, 0, 0, 0, 0, 0]
final
DumpTensor: desc=1, addr=8600, data_type=int16, position=UB, dump_size=128
[10, 8, 7, 8, 4, 3, 5, 7, 0, 0, 0, 0, 0, 0, 0, 0, 5, 7, 8, 9, 7, 7, 7, 7, 0, 0, 0, 0, 0, 0, 0, 
0, 9, 8, 6, 6, 5, 4, 6, 8, 0, 0, 0, 0, 0, 0, 0, 0, 9, 5, 5, 5, 8, 10, 6, 7, 0, 0, 0, 0, 0, 
0, 0, 0, 9, 6, 12, 8, 7, 5, 7, 6, 0, 0, 0, 0, 0, 0, 0, 0, 8, 8, 6, 6, 9, 9, 4, 6, 0, 0, 0, 
0, 0, 0, 0, 0, 2, 9, 7, 7, 5, 9, 6, 8, 0, 0, 0, 0, 0, 0, 0, 0, 7, 7, 5, 7, 5, 7, 8, 7, 0, 
0, 0, 0, 0, 0, 0, 0]
cast
DumpTensor: desc=1, addr=8c00, data_type=float16, position=UB, dump_size=128
[10.000000, 8.000000, 7.000000, 8.000000, 4.000000, 3.000000, 5.000000, 7.000000, 0.000000, 0.000000, 0.000000, 0.000000, 0.000000, 0.000000, 0.000000, 0.000000, 5.000000, 7.000000, 8.000000, 9.000000, 7.000000, 7.000000, 7.000000, 7.000000, 0.000000, 0.000000, 0.000000, 0.000000, 0.000000, 0.000000, 0.000000, 
0.000000, 9.000000, 8.000000, 6.000000, 6.000000, 5.000000, 4.000000, 6.000000, 8.000000, 0.000000, 0.000000, 0.000000, 0.000000, 0.000000, 0.000000, 0.000000, 0.000000, 9.000000, 5.000000, 5.000000, 5.000000, 8.000000, 10.000000, 6.000000, 7.000000, 0.000000, 0.000000, 0.000000, 0.000000, 0.000000, 
0.000000, 0.000000, 0.000000, 9.000000, 6.000000, 12.000000, 8.000000, 7.000000, 5.000000, 7.000000, 6.000000, 0.000000, 0.000000, 0.000000, 0.000000, 0.000000, 0.000000, 0.000000, 0.000000, 8.000000, 8.000000, 6.000000, 6.000000, 9.000000, 9.000000, 4.000000, 6.000000, 0.000000, 0.000000, 0.000000, 
0.000000, 0.000000, 0.000000, 0.000000, 0.000000, 2.000000, 9.000000, 7.000000, 7.000000, 5.000000, 9.000000, 6.000000, 8.000000, 0.000000, 0.000000, 0.000000, 0.000000, 0.000000, 0.000000, 0.000000, 0.000000, 7.000000, 7.000000, 5.000000, 7.000000, 5.000000, 7.000000, 8.000000, 7.000000, 0.000000, 
0.000000, 0.000000, 0.000000, 0.000000, 0.000000, 0.000000, 0.000000]
cumsum lastrow
DumpTensor: desc=1, addr=19400, data_type=float16, position=UB, dump_size=128
[59.000000, 58.000000, 56.000000, 56.000000, 50.000000, 54.000000, 49.000000, 56.000000, 0.000000, 0.000000, 0.000000, 0.000000, 0.000000, 0.000000, 0.000000, 0.000000, 53.000000, 48.000000, 50.000000, 60.000000, 52.000000, 60.000000, 55.000000, 62.000000, 0.000000, 0.000000, 0.000000, 0.000000, 0.000000, 0.000000, 0.000000, 
0.000000, -1208.000000, -11504.000000, -30880.000000, -25696.000000, -30704.000000, 131008.000000, -4920.000000, 387.000000, 39584.000000, 131008.000000, 131008.000000, 2708.000000, 4344.000000, 448.500000, 131008.000000, -10304.000000, -9192.000000, 131008.000000, 796.000000, 920.500000, 454.000000, 418.000000, 458.000000, 430.000000, 464.000000, 462.000000, 440.000000, 438.000000, 466.000000, 
432.000000, 472.000000, 452.000000, 464.000000, 440.000000, 454.000000, 455.000000, 344.250000, 11216.000000, 22224.000000, 3798.000000, -2780.000000, 10560.000000, 131008.000000, 912.000000, -20192.000000, -2580.000000, 31328.000000, -6436.000000, 441.750000, -5072.000000, 402.500000, -2830.000000, 10256.000000, 183.750000, 131008.000000, -1816.000000, 417.750000, 373.250000, -40992.000000, 
3596.000000, 131008.000000, 1364.000000, -36544.000000, -24816.000000, -65536.000000, 131008.000000, -3736.000000, -14344.000000, -37472.000000, -2272.000000, 131008.000000, 131008.000000, 252.750000, -12128.000000, 233.875000, 467.500000, 7064.000000, -17408.000000, 515.500000, -10264.000000, 36480.000000, 13952.000000, 446.250000, 214.500000, 4732.000000, -1523.000000, 200.625000, 1154.000000, -1456.000000, 
-23664.000000, 8032.000000, 429.750000, 34496.000000, 462.000000, 648.000000, -11880.000000]
copy sum
DumpTensor: desc=1, addr=10c00, data_type=float16, position=UB, dump_size=128
[59.000000, 58.000000, 56.000000, 56.000000, 50.000000, 54.000000, 49.000000, 56.000000, 0.196899, -1.801758, -1650.000000, -1.914062, 0.001551, -1.900391, -0.362793, -1.963867, 57.000000, 46.000000, 58.000000, 56.000000, 56.000000, 48.000000, 63.000000, 56.000000, -0.000700, -1.936523, -1883.000000, 1.693359, 0.030167, 1.513672, -10072.000000, 
-1.455078, 57.000000, 48.000000, 56.000000, 58.000000, 54.000000, 48.000000, 55.000000, 68.000000, -0.738770, 1.811523, -41056.000000, 1.347656, 9712.000000, -1.717773, -0.015015, 1.566406, 53.000000, 58.000000, 60.000000, 44.000000, 52.000000, 52.000000, 49.000000, 60.000000, -23392.000000, 1.779297, -2408.000000, 1.627930, -335.500000, 
1.382812, 0.000067, -1.530273, 41.000000, 48.000000, 56.000000, 56.000000, 56.000000, 66.000000, 57.000000, 50.000000, 0.003582, -1.682617, -135.000000, 1.773438, -30960.000000, -0.952637, -24.359375, -1.909180, 61.000000, 56.000000, 56.000000, 48.000000, 46.000000, 58.000000, 55.000000, 58.000000, -0.027039, -1.699219, 807.000000, 
-1.645508, 0.008743, 1.905273, 75968.000000, -1.779297, 47.000000, 50.000000, 50.000000, 50.000000, 66.000000, 54.000000, 55.000000, 56.000000, 61.718750, 1.762695, -5940.000000, 1.542969, 501.000000, 1.868164, 2.853516, 1.800781, 53.000000, 64.000000, 58.000000, 58.000000, 54.000000, 60.000000, 57.000000, 64.000000, -50.906250, 
-1.885742, -9.015625, 1.824219, 1.512695, -2.123047, -0.003637, 1.711914]
copy khash
DumpTensor: desc=1, addr=8b00, data_type=int16, position=UB, dump_size=128
[17717, 6953, 11601, 15962, 15208, 5397, 28423, 852, 0, 0, 0, 0, 0, 0, 0, 0, 17717, 6953, 11601, 15962, 15208, 5397, 28423, 852, 0, 0, 0, 0, 0, 0, 0, 
0, 17717, 6953, 11601, 15962, 15208, 5397, 28423, 852, 0, 0, 0, 0, 0, 0, 0, 0, 17717, 6953, 11601, 15962, 15208, 5397, 28423, 852, 0, 0, 0, 0, 0, 
0, 0, 0, 17717, 6953, 11601, 15962, 15208, 5397, 28423, 852, 0, 0, 0, 0, 0, 0, 0, 0, 17717, 6953, 11601, 15962, 15208, 5397, 28423, 852, 0, 0, 0, 
0, 0, 0, 0, 0, 17717, 6953, 11601, 15962, 15208, 5397, 28423, 852, 0, 0, 0, 0, 0, 0, 0, 0, 17717, 6953, 11601, 15962, 15208, 5397, 28423, 852, 0, 
0, 0, 0, 0, 0, 0, 0]
XOR
DumpTensor: desc=1, addr=8900, data_type=int16, position=UB, dump_size=128
[1050, 30536, 22582, 28509, 20600, 21625, 12667, 8540, 0, 0, 0, 0, 0, 0, 0, 0, 12649, 15439, 13061, 15204, 17254, 7220, 31836, 329, 0, 0, 0, 0, 0, 0, 0, 
0, 27944, 3398, 4205, 22083, 13647, 17973, 17211, 30465, 0, 0, 0, 0, 0, 0, 0, 0, 7178, 23391, 4201, 29564, 30282, 26964, 19240, 24116, 0, 0, 0, 0, 0, 
0, 0, 0, 31338, 19271, 11554, 31567, 25630, 21054, 6916, 29796, 0, 0, 0, 0, 0, 0, 0, 0, 24083, 14377, 20087, 22071, 29488, 16458, 21299, 781, 0, 0, 0, 
0, 0, 0, 0, 0, 16205, 10586, 16654, 21349, 29031, 21350, 26430, 1816, 0, 0, 0, 0, 0, 0, 0, 0, 11273, 31310, 29778, 25407, 10299, 31049, 3363, 5423, 0, 
0, 0, 0, 0, 0, 0, 0]
2 bit
DumpTensor: desc=1, addr=8900, data_type=int16, position=UB, dump_size=128
[1045, 26180, 21541, 23129, 20580, 21605, 8550, 4440, 0, 0, 0, 0, 0, 0, 0, 0, 8533, 10314, 8709, 9812, 16981, 6180, 26712, 325, 0, 0, 0, 0, 0, 0, 0, 
0, 22804, 2373, 4185, 21826, 9546, 17701, 16934, 26113, 0, 0, 0, 0, 0, 0, 0, 0, 6149, 22106, 4181, 25192, 25925, 21844, 17940, 22820, 0, 0, 0, 0, 0, 
0, 0, 0, 25941, 17990, 6417, 26186, 21529, 20777, 5636, 25684, 0, 0, 0, 0, 0, 0, 0, 0, 22802, 9237, 18790, 21798, 25120, 16453, 21026, 521, 0, 0, 0, 
0, 0, 0, 0, 0, 10825, 5461, 16649, 21077, 24918, 21077, 22057, 1556, 0, 0, 0, 0, 0, 0, 0, 0, 6149, 25929, 25681, 21034, 5158, 25925, 2322, 5402, 0, 
0, 0, 0, 0, 0, 0, 0]
4 bit
DumpTensor: desc=1, addr=8900, data_type=int16, position=UB, dump_size=128
[274, 13073, 8482, 9251, 8241, 8498, 8499, 4386, 0, 0, 0, 0, 0, 0, 0, 0, 8482, 8724, 8706, 8993, 4642, 4641, 12834, 274, 0, 0, 0, 0, 0, 0, 0, 
0, 8977, 786, 4131, 8722, 8724, 4642, 4643, 13057, 0, 0, 0, 0, 0, 0, 0, 0, 4610, 8996, 4130, 12850, 12818, 8737, 4881, 8993, 0, 0, 0, 0, 0, 
0, 0, 0, 12834, 4883, 4881, 13076, 8467, 8483, 4865, 12577, 0, 0, 0, 0, 0, 0, 0, 0, 8978, 8466, 4915, 8739, 12832, 4114, 8738, 515, 0, 0, 0, 
0, 0, 0, 0, 0, 9235, 4642, 4355, 8738, 12579, 8738, 8995, 785, 0, 0, 0, 0, 0, 0, 0, 0, 4610, 12819, 12577, 8740, 4387, 12818, 786, 4628, 0, 
0, 0, 0, 0, 0, 0, 0]
8 bit
DumpTensor: desc=1, addr=8900, data_type=int16, position=UB, dump_size=128
[259, 1538, 772, 1541, 516, 773, 774, 516, 0, 0, 0, 0, 0, 0, 0, 0, 772, 1029, 1026, 1283, 772, 771, 1284, 259, 0, 0, 0, 0, 0, 0, 0, 
0, 1282, 771, 261, 1027, 1029, 772, 773, 1537, 0, 0, 0, 0, 0, 0, 0, 0, 770, 1286, 260, 1285, 1283, 1027, 1026, 1283, 0, 0, 0, 0, 0, 
0, 0, 0, 1284, 1028, 1026, 1541, 772, 773, 1025, 1027, 0, 0, 0, 0, 0, 0, 0, 0, 1283, 771, 1030, 1029, 1282, 259, 1028, 515, 0, 0, 0, 
0, 0, 0, 0, 0, 1540, 772, 515, 1028, 1029, 1028, 1285, 770, 0, 0, 0, 0, 0, 0, 0, 0, 770, 1284, 1027, 1030, 517, 1283, 771, 773, 0, 
0, 0, 0, 0, 0, 0, 0]
16 bit
DumpTensor: desc=1, addr=8900, data_type=int16, position=UB, dump_size=128
[260, 1544, 775, 1547, 518, 776, 777, 518, 0, 0, 0, 0, 0, 0, 0, 0, 775, 1033, 1030, 1288, 775, 774, 1289, 260, 0, 0, 0, 0, 0, 0, 0, 
0, 1287, 774, 262, 1031, 1033, 775, 776, 1543, 0, 0, 0, 0, 0, 0, 0, 0, 773, 1291, 261, 1290, 1288, 1031, 1030, 1288, 0, 0, 0, 0, 0, 
0, 0, 0, 1289, 1032, 1030, 1547, 775, 776, 1029, 1031, 0, 0, 0, 0, 0, 0, 0, 0, 1288, 774, 1034, 1033, 1287, 260, 1032, 517, 0, 0, 0, 
0, 0, 0, 0, 0, 1546, 775, 517, 1032, 1033, 1032, 1290, 773, 0, 0, 0, 0, 0, 0, 0, 0, 773, 1289, 1031, 1034, 519, 1288, 774, 776, 0, 
0, 0, 0, 0, 0, 0, 0]
final
DumpTensor: desc=1, addr=8900, data_type=int16, position=UB, dump_size=128
[4, 8, 7, 11, 6, 8, 9, 6, 0, 0, 0, 0, 0, 0, 0, 0, 7, 9, 6, 8, 7, 6, 9, 4, 0, 0, 0, 0, 0, 0, 0, 
0, 7, 6, 6, 7, 9, 7, 8, 7, 0, 0, 0, 0, 0, 0, 0, 0, 5, 11, 5, 10, 8, 7, 6, 8, 0, 0, 0, 0, 0, 
0, 0, 0, 9, 8, 6, 11, 7, 8, 5, 7, 0, 0, 0, 0, 0, 0, 0, 0, 8, 6, 10, 9, 7, 4, 8, 5, 0, 0, 0, 
0, 0, 0, 0, 0, 10, 7, 5, 8, 9, 8, 10, 5, 0, 0, 0, 0, 0, 0, 0, 0, 5, 9, 7, 10, 7, 8, 6, 8, 0, 
0, 0, 0, 0, 0, 0, 0]
cast
DumpTensor: desc=1, addr=cc00, data_type=float16, position=UB, dump_size=128
[4.000000, 8.000000, 7.000000, 11.000000, 6.000000, 8.000000, 9.000000, 6.000000, 0.000000, 0.000000, 0.000000, 0.000000, 0.000000, 0.000000, 0.000000, 0.000000, 7.000000, 9.000000, 6.000000, 8.000000, 7.000000, 6.000000, 9.000000, 4.000000, 0.000000, 0.000000, 0.000000, 0.000000, 0.000000, 0.000000, 0.000000, 
0.000000, 7.000000, 6.000000, 6.000000, 7.000000, 9.000000, 7.000000, 8.000000, 7.000000, 0.000000, 0.000000, 0.000000, 0.000000, 0.000000, 0.000000, 0.000000, 0.000000, 5.000000, 11.000000, 5.000000, 10.000000, 8.000000, 7.000000, 6.000000, 8.000000, 0.000000, 0.000000, 0.000000, 0.000000, 0.000000, 
0.000000, 0.000000, 0.000000, 9.000000, 8.000000, 6.000000, 11.000000, 7.000000, 8.000000, 5.000000, 7.000000, 0.000000, 0.000000, 0.000000, 0.000000, 0.000000, 0.000000, 0.000000, 0.000000, 8.000000, 6.000000, 10.000000, 9.000000, 7.000000, 4.000000, 8.000000, 5.000000, 0.000000, 0.000000, 0.000000, 
0.000000, 0.000000, 0.000000, 0.000000, 0.000000, 10.000000, 7.000000, 5.000000, 8.000000, 9.000000, 8.000000, 10.000000, 5.000000, 0.000000, 0.000000, 0.000000, 0.000000, 0.000000, 0.000000, 0.000000, 0.000000, 5.000000, 9.000000, 7.000000, 10.000000, 7.000000, 8.000000, 6.000000, 8.000000, 0.000000, 
0.000000, 0.000000, 0.000000, 0.000000, 0.000000, 0.000000, 0.000000]
cumsum lastrow
DumpTensor: desc=1, addr=19420, data_type=float16, position=UB, dump_size=128
[55.000000, 64.000000, 52.000000, 74.000000, 60.000000, 56.000000, 61.000000, 50.000000, 0.000000, 0.000000, 0.000000, 0.000000, 0.000000, 0.000000, 0.000000, 0.000000, -1208.000000, -11504.000000, -30880.000000, -25696.000000, -30704.000000, 131008.000000, -4920.000000, 387.000000, 39584.000000, 131008.000000, 131008.000000, 2708.000000, 4344.000000, 448.500000, 131008.000000, 
-10304.000000, -9192.000000, 131008.000000, 796.000000, 920.500000, 454.000000, 418.000000, 458.000000, 430.000000, 464.000000, 462.000000, 440.000000, 438.000000, 466.000000, 432.000000, 472.000000, 452.000000, 464.000000, 440.000000, 454.000000, 455.000000, 344.250000, 11216.000000, 22224.000000, 3798.000000, -2780.000000, 10560.000000, 131008.000000, 912.000000, -20192.000000, 
-2580.000000, 31328.000000, -6436.000000, 441.750000, -5072.000000, 402.500000, -2830.000000, 10256.000000, 183.750000, 131008.000000, -1816.000000, 417.750000, 373.250000, -40992.000000, 3596.000000, 131008.000000, 1364.000000, -36544.000000, -24816.000000, -65536.000000, 131008.000000, -3736.000000, -14344.000000, -37472.000000, -2272.000000, 131008.000000, 131008.000000, 252.750000, -12128.000000, 233.875000, 
467.500000, 7064.000000, -17408.000000, 515.500000, -10264.000000, 36480.000000, 13952.000000, 446.250000, 214.500000, 4732.000000, -1523.000000, 200.625000, 1154.000000, -1456.000000, -23664.000000, 8032.000000, 429.750000, 34496.000000, 462.000000, 648.000000, -11880.000000, 443.000000, 36512.000000, 376.750000, 131008.000000, 459.750000, 40064.000000, 2456.000000, -5376.000000, 13472.000000, 
-121.000000, 384.000000, -48160.000000, 21920.000000, 24160.000000, 7328.000000, 647.500000]
copy sum
DumpTensor: desc=1, addr=14c00, data_type=float16, position=UB, dump_size=128
[55.000000, 64.000000, 52.000000, 74.000000, 60.000000, 56.000000, 61.000000, 50.000000, 298.750000, 1.899414, -0.002819, 1.588867, 196.125000, 1.774414, 38.875000, 1.683594, 61.000000, 48.000000, 56.000000, 52.000000, 56.000000, 68.000000, 51.000000, 56.000000, 2.132812, 1.813477, 3446.000000, -1.410156, 0.015472, 1.877930, 8.929688, 
1.791992, 63.000000, 58.000000, 56.000000, 66.000000, 52.000000, 52.000000, 69.000000, 58.000000, -54.281250, -1.655273, -0.049255, 1.643555, -14.671875, -1.776367, 7.445312, -1.596680, 61.000000, 54.000000, 58.000000, 46.000000, 58.000000, 58.000000, 63.000000, 54.000000, 0.000473, 1.663086, 66.062500, 1.950195, -0.000327, 
1.748047, -6.082031, 1.834961, 49.000000, 56.000000, 62.000000, 56.000000, 58.000000, 44.000000, 59.000000, 64.000000, -0.000013, -1.789062, -109.000000, 1.865234, -0.243530, 1.848633, -0.223267, 1.896484, 47.000000, 48.000000, 50.000000, 58.000000, 62.000000, 60.000000, 59.000000, 58.000000, -0.869141, -1.640625, -0.069458, 
-1.537109, 0.027649, -1.493164, -51584.000000, -1.771484, 51.000000, 52.000000, 58.000000, 66.000000, 62.000000, 62.000000, 53.000000, 58.000000, 0.000003, 1.990234, 3.900391, -1.984375, 1970.000000, -1.342773, 0.161133, 1.708984, 51.000000, 58.000000, 56.000000, 56.000000, 60.000000, 66.000000, 65.000000, 54.000000, 0.000629, 
-1.723633, -0.008507, 2.013672, 1.665039, -1.025391, 0.184937, 1.801758]
resultChunk
DumpTensor: desc=1, addr=1d440, data_type=float16, position=UB, dump_size=256
[131008.000000, 131008.000000, 131008.000000, 131008.000000, 131008.000000, 36480.000000, 131008.000000, 131008.000000, 131008.000000, 131008.000000, 131008.000000, 131008.000000, 131008.000000, 488.000000, 131008.000000, 131008.000000, 131008.000000, 131008.000000, 131008.000000, 131008.000000, 131008.000000, 131008.000000, 131008.000000, 131008.000000, 131008.000000, 16144.000000, 131008.000000, 131008.000000, 131008.000000, 131008.000000, 131008.000000, 
55616.000000, 27392.000000, 131008.000000, 30656.000000, 131008.000000, 15744.000000, 40480.000000, 64320.000000, 131008.000000, 131008.000000, 131008.000000, 131008.000000, 61184.000000, 131008.000000, 131008.000000, 131008.000000, 131008.000000, 767.000000, 16416.000000, 22800.000000, 22800.000000, 22816.000000, 22832.000000, 22816.000000, 29584.000000, 65120.000000, 131008.000000, 476.000000, 476.000000, 472.000000, 
474.000000, 492.000000, 476.000000, 131008.000000, 131008.000000, 131008.000000, 131008.000000, 131008.000000, 36448.000000, 131008.000000, 131008.000000, 131008.000000, 131008.000000, 131008.000000, 131008.000000, 131008.000000, 470.000000, 131008.000000, 131008.000000, 131008.000000, 131008.000000, 131008.000000, 131008.000000, 131008.000000, 131008.000000, 131008.000000, 131008.000000, 131008.000000, 16168.000000, 131008.000000, 
131008.000000, 131008.000000, 131008.000000, 131008.000000, 55616.000000, 27392.000000, 131008.000000, 30672.000000, 131008.000000, 15776.000000, 40448.000000, 64320.000000, 131008.000000, 131008.000000, 131008.000000, 131008.000000, 61184.000000, 131008.000000, 131008.000000, 131008.000000, 131008.000000, 771.000000, 16416.000000, 22816.000000, 22816.000000, 22816.000000, 22800.000000, 22816.000000, 29584.000000, 65152.000000, 
131008.000000, 456.000000, 460.000000, 488.000000, 472.000000, 464.000000, 472.000000, 131008.000000, 131008.000000, 131008.000000, 131008.000000, 131008.000000, 36480.000000, 131008.000000, 131008.000000, 131008.000000, 131008.000000, 131008.000000, 131008.000000, 131008.000000, 482.000000, 131008.000000, 131008.000000, 131008.000000, 131008.000000, 131008.000000, 131008.000000, 131008.000000, 131008.000000, 131008.000000, 
131008.000000, 131008.000000, 16160.000000, 131008.000000, 131008.000000, 131008.000000, 131008.000000, 131008.000000, 55616.000000, 27392.000000, 131008.000000, 30640.000000, 131008.000000, 15752.000000, 40480.000000, 64288.000000, 131008.000000, 131008.000000, 131008.000000, 131008.000000, 61152.000000, 131008.000000, 131008.000000, 131008.000000, 131008.000000, 729.000000, 16416.000000, 22800.000000, 22800.000000, 22816.000000, 
22800.000000, 22816.000000, 29584.000000, 65152.000000, 131008.000000, 478.000000, 472.000000, 454.000000, 476.000000, 470.000000, 492.000000, 131008.000000, 131008.000000, 131008.000000, 131008.000000, 131008.000000, 36480.000000, 131008.000000, 131008.000000, 131008.000000, 131008.000000, 131008.000000, 131008.000000, 131008.000000, 478.000000, 131008.000000, 131008.000000, 131008.000000, 131008.000000, 131008.000000, 
131008.000000, 131008.000000, 131008.000000, 131008.000000, 131008.000000, 131008.000000, 16136.000000, 131008.000000, 131008.000000, 131008.000000, 131008.000000, 131008.000000, 55616.000000, 27376.000000, 131008.000000, 30656.000000, 131008.000000, 15760.000000, 40448.000000, 64320.000000, 131008.000000, 131008.000000, 131008.000000, 131008.000000, 61184.000000, 131008.000000, 131008.000000, 131008.000000, 131008.000000, 757.000000, 
16400.000000, 22800.000000, 22800.000000, 22816.000000, 22816.000000, 22800.000000, 29568.000000, 65152.000000, 131008.000000, 478.000000, 474.000000, 466.000000, 468.000000, 486.000000, 502.000000]
  0 4  10 
  -  #0: file1=0, file2=121
  -  #1: file1=0, file2=38
  -  #2: file1=0, file2=77
  -  #3: file1=0, file2=75
 2 1  16  0
